1: 8 4 3 7 9 5 10 12 11 1 2 6 
2: 12 3 6 5 2 1 10 8 7 4 11 9 
3: 5 2 9 1 4 8 10 12 7 6 11 3 
4: 10 7 12 4 2 5 6 8 1 3 9 11 
5: 5 8 4 9 3 2 12 6 1 11 7 10 
6: 8 7 2 10 3 11 1 12 4 9 5 6 
7: 3 9 11 6 2 5 4 1 8 7 10 12 
8: 9 8 1 4 2 7 6 3 5 10 11 12 
9: 4 5 7 9 3 12 6 1 2 10 8 11 
10: 10 4 12 7 5 1 8 3 2 9 11 6 
11: 7 8 2 6 10 4 11 3 12 5 9 1 
12: 4 11 12 1 2 9 5 3 10 8 7 6 

1: 7 10 3 11 12 1 8 4 9 6 2 5 
2: 1 5 11 2 7 4 6 3 9 8 12 10 
3: 6 8 1 12 11 7 2 4 10 3 9 5 
4: 12 10 5 7 4 8 11 6 1 9 3 2 
5: 8 2 3 1 12 6 10 11 7 5 4 9 
6: 4 3 11 7 9 1 8 5 2 12 10 6 
7: 7 3 10 4 11 6 9 5 8 2 1 12 
8: 9 12 5 8 7 2 4 11 6 3 1 10 
9: 3 6 2 10 4 12 11 1 7 9 8 5 
10: 12 1 10 3 4 9 7 8 5 6 11 2 
11: 11 6 8 2 7 12 5 10 3 4 1 9 
12: 1 11 2 12 4 5 3 7 8 6 9 10 
