1: 6 9 13 5 7 3 1 4 11 10 12 2 8 
2: 4 7 13 11 5 9 2 3 6 10 12 8 1 
3: 3 13 12 5 2 6 8 1 4 11 7 9 10 
4: 7 13 5 2 12 11 3 8 1 6 10 4 9 
5: 8 9 11 1 7 2 5 10 6 3 13 12 4 
6: 1 5 8 11 3 4 10 2 6 7 12 13 9 
7: 6 7 2 3 13 1 11 4 9 12 8 5 10 
8: 10 5 11 2 8 12 1 6 3 13 9 4 7 
9: 5 1 4 13 12 10 11 7 2 8 3 9 6 
10: 2 7 4 11 1 6 9 5 8 12 13 10 3 
11: 12 4 10 7 1 6 5 9 2 8 11 13 3 
12: 5 2 11 3 8 7 1 10 9 13 6 12 4 
13: 10 2 6 11 3 1 7 9 4 12 13 5 8 

1: 9 2 10 7 4 1 3 6 5 11 12 13 8 
2: 5 7 2 9 1 3 10 8 4 12 11 6 13 
3: 8 9 4 13 7 2 10 3 12 11 6 5 1 
4: 6 8 12 1 5 13 4 3 2 7 10 11 9 
5: 6 3 12 10 5 7 9 1 11 13 2 4 8 
6: 12 6 7 5 8 11 13 9 2 3 1 4 10 
7: 6 7 8 12 13 11 3 10 9 5 4 2 1 
8: 8 9 13 7 3 2 1 6 4 10 11 5 12 
9: 5 13 4 6 1 7 11 8 2 10 3 12 9 
10: 2 3 1 9 12 4 8 5 6 11 10 13 7 
11: 7 6 9 8 5 12 10 2 1 3 4 13 11 
12: 11 10 3 9 13 8 7 2 5 6 1 12 4 
13: 13 12 1 3 2 10 6 11 5 9 8 4 7 
