1: 6 12 3 10 4 13 8 9 2 11 1 7 14 5 
2: 3 11 6 7 12 8 13 10 5 1 9 4 14 2 
3: 5 6 3 8 13 2 9 11 12 1 10 14 4 7 
4: 9 3 10 11 7 4 1 13 2 6 12 5 14 8 
5: 5 10 11 4 8 13 3 1 9 2 7 6 12 14 
6: 9 5 4 3 11 14 7 6 2 10 13 8 12 1 
7: 4 13 10 12 3 14 11 2 6 7 8 1 5 9 
8: 9 4 12 8 1 10 3 11 7 5 2 13 14 6 
9: 14 1 9 7 5 4 10 8 11 3 13 12 2 6 
10: 7 13 1 14 11 9 12 5 10 4 2 8 3 6 
11: 4 12 9 8 2 10 11 6 14 1 13 7 3 5 
12: 7 13 14 8 3 10 1 2 4 5 12 6 11 9 
13: 14 10 1 6 12 7 9 5 13 11 8 3 2 4 
14: 6 2 3 5 9 12 7 1 4 8 10 13 14 11 

1: 7 13 12 4 8 3 11 1 5 2 9 14 6 10 
2: 9 2 14 11 3 6 1 5 4 13 7 10 12 8 
3: 6 9 3 8 10 5 13 7 2 14 4 12 11 1 
4: 8 1 5 6 2 12 13 4 11 3 14 7 10 9 
5: 5 13 6 14 10 11 2 8 7 4 9 3 12 1 
6: 1 2 8 6 9 3 14 11 4 12 13 7 10 5 
7: 14 7 12 13 3 9 4 6 5 10 1 8 11 2 
8: 10 3 1 4 14 12 7 9 11 5 8 6 2 13 
9: 14 13 9 4 3 1 12 6 8 11 2 10 5 7 
10: 11 7 1 8 6 12 14 2 9 10 13 4 5 3 
11: 4 13 7 9 3 6 2 14 10 1 5 8 12 11 
12: 14 4 13 8 10 6 12 5 11 2 1 9 7 3 
13: 6 3 11 9 14 13 12 10 7 1 2 4 8 5 
14: 9 14 10 2 13 3 7 12 5 4 6 11 1 8 
