1: 3 10 7 6 5 9 1 2 8 4 
2: 5 4 1 7 9 6 8 3 10 2 
3: 3 10 8 1 6 2 4 7 9 5 
4: 9 10 4 2 1 5 8 6 7 3 
5: 4 7 2 10 5 8 1 3 9 6 
6: 8 2 3 6 7 1 5 4 10 9 
7: 4 10 6 7 9 5 2 8 1 3 
8: 10 4 2 1 5 6 7 8 9 3 
9: 9 1 3 2 7 8 6 5 4 10 
10: 7 10 6 2 5 9 1 8 3 4 

1: 8 3 2 5 9 10 4 7 1 6 
2: 10 4 3 2 9 6 8 5 7 1 
3: 5 8 4 2 3 9 7 1 10 6 
4: 6 8 10 5 9 7 4 3 2 1 
5: 9 6 2 3 4 8 1 7 5 10 
6: 10 6 9 7 2 3 1 5 4 8 
7: 9 8 7 10 1 4 5 3 2 6 
8: 6 5 9 7 8 2 4 10 3 1 
9: 7 10 6 5 8 9 1 3 4 2 
10: 2 1 8 5 10 6 7 4 3 9 
