1: 33 52 70 66 47 69 71 22 35 65 49 9 14 76 4 27 25 13 36 10 34 45 62 64 60 41 56 55 68 24 6 77 38 58 51 42 7 44 72 19 17 54 2 16 32 67 18 23 29 8 61 1 80 46 79 53 3 37 20 28 43 50 57 73 74 21 48 78 39 75 12 5 30 63 40 15 31 11 26 59 
2: 62 28 76 27 60 15 38 32 24 77 56 58 25 23 29 12 57 69 63 37 40 79 20 74 70 53 65 33 49 67 26 14 75 36 5 51 42 11 61 80 10 31 2 18 34 35 66 54 64 48 1 68 3 39 71 55 45 22 44 78 43 7 73 30 46 21 50 4 9 41 8 17 16 59 52 19 72 13 47 6 
3: 75 45 16 11 76 29 22 52 31 2 59 43 44 28 6 78 19 1 71 74 47 50 34 66 14 20 10 62 55 39 5 35 18 13 60 37 40 67 69 26 3 68 4 46 21 38 53 42 54 77 41 58 24 33 63 25 73 56 70 48 51 30 79 64 15 8 12 49 32 27 57 36 80 65 61 72 23 17 7 9 
4: 76 7 48 13 45 70 19 56 35 2 33 66 61 50 54 21 22 12 78 36 9 4 65 55 14 5 29 15 27 80 1 26 43 74 17 40 75 67 47 52 72 28 51 73 23 34 46 58 32 71 11 49 44 39 68 69 59 31 63 64 24 30 10 53 79 18 3 38 62 41 16 57 77 6 60 42 25 37 8 20 
5: 58 29 46 41 65 76 62 55 78 49 10 71 64 56 51 25 5 9 54 73 11 17 19 45 43 21 61 59 75 2 69 38 48 40 72 26 8 4 32 36 66 7 39 31 3 42 53 60 74 57 22 20 44 1 30 35 79 67 24 80 28 37 27 47 12 50 52 77 23 63 14 68 6 18 15 16 70 33 13 34 
6: 22 33 61 10 63 58 7 15 1 60 59 9 79 2 13 17 41 67 69 42 28 6 51 25 47 29 36 24 20 43 55 48 62 57 4 78 27 21 75 14 31 8 5 32 45 12 56 35 37 80 44 38 76 54 3 34 68 39 66 50 71 77 52 23 53 49 70 73 40 11 74 64 26 19 16 46 30 65 18 72 
7: 44 58 11 67 55 48 70 57 12 26 5 29 65 38 28 75 77 30 80 21 42 34 8 47 23 10 69 60 66 49 1 2 17 13 35 15 27 31 50 59 36 32 19 39 25 64 18 53 3 78 45 56 22 73 16 46 43 37 76 24 40 54 61 74 63 9 20 68 71 6 52 4 79 33 7 72 14 51 41 62 
8: 67 13 50 62 57 37 25 30 36 23 14 78 24 20 19 32 71 33 35 65 47 68 40 18 39 31 48 49 56 12 60 9 44 79 2 27 5 11 43 63 55 42 7 16 6 10 61 74 4 8 26 58 34 46 73 72 3 52 17 64 77 70 76 41 29 75 54 22 80 53 66 21 51 59 38 45 28 15 1 69 
9: 25 24 57 46 60 73 59 69 21 34 68 45 61 2 16 31 3 6 37 56 22 70 79 55 49 75 65 17 20 13 35 36 41 72 4 51 32 80 58 48 53 29 67 74 44 66 76 14 50 40 71 5 11 1 28 64 38 15 78 18 8 77 52 39 12 26 54 63 7 9 30 27 43 33 62 23 19 47 42 10 
10: 36 13 46 4 57 79 27 62 41 21 59 3 7 72 34 58 24 16 26 66 55 1 31 43 28 70 61 32 11 52 30 63 50 17 71 2 48 73 69 25 51 35 77 54 39 15 9 68 78 75 53 42 45 33 12 40 67 8 10 37 74 19 65 22 47 5 49 23 44 64 76 56 80 18 20 29 14 60 6 38 
11: 15 29 45 40 4 20 78 46 16 41 35 2 19 36 23 10 3 22 77 8 49 73 68 80 64 58 24 1 30 79 39 61 57 72 55 51 53 67 13 66 7 28 17 9 43 34 31 75 71 76 54 47 70 27 62 69 14 48 5 11 25 65 60 37 52 6 59 56 74 63 32 42 44 38 18 21 26 33 50 12 
12: 10 76 43 27 29 80 78 59 52 17 33 7 57 3 69 72 9 49 51 18 46 5 1 40 32 77 62 48 11 60 36 66 38 16 37 75 20 53 14 19 73 23 12 21 56 4 74 8 15 70 25 79 34 22 24 55 50 68 54 47 63 44 35 39 65 26 61 31 28 45 41 64 67 2 58 13 30 71 42 6 
13: 31 34 50 68 4 27 45 16 33 62 72 55 48 36 28 40 80 5 66 61 11 32 60 70 25 30 8 35 2 51 13 53 63 79 37 6 24 58 57 78 74 47 76 71 3 64 73 21 67 18 39 15 49 65 7 69 77 10 54 19 9 12 20 59 17 42 41 23 52 26 46 75 14 44 38 22 1 43 56 29 
14: 29 3 72 54 43 45 17 59 78 24 58 19 46 7 41 25 66 39 50 80 16 8 15 9 31 76 52 28 62 5 27 40 6 75 60 61 22 65 70 56 79 26 57 63 51 38 18 23 69 74 32 35 55 73 2 21 13 1 20 42 64 37 10 11 30 53 14 77 47 67 44 68 49 33 12 4 71 48 34 36 
15: 8 49 35 25 48 38 26 53 63 37 70 7 36 68 27 55 5 19 73 1 46 56 77 59 62 23 74 76 54 32 71 21 51 20 30 64 57 6 44 28 66 24 9 50 11 75 42 39 67 78 80 4 2 58 17 65 29 69 72 12 33 61 16 13 60 41 14 15 79 40 47 22 10 52 18 3 43 34 45 31 
16: 10 78 52 20 16 67 48 19 76 80 59 61 6 5 47 22 63 2 79 4 75 50 54 62 43 15 72 32 55 39 57 11 77 3 7 68 64 1 70 14 66 25 37 44 42 28 46 65 23 30 17 56 8 74 26 51 71 60 69 73 12 53 35 21 33 58 34 9 31 24 29 41 18 38 36 45 13 27 49 40 
17: 48 11 21 51 54 3 47 67 58 69 57 59 49 60 41 45 24 26 52 39 56 1 14 23 63 19 16 44 36 27 62 75 42 43 28 17 33 20 77 46 30 22 55 71 31 80 66 38 7 37 4 34 70 79 65 29 74 2 53 15 73 64 76 68 40 8 9 13 32 61 6 12 72 35 18 10 25 78 5 50 
18: 72 22 3 46 14 7 16 75 43 58 31 45 63 25 64 74 49 50 68 36 76 51 54 21 24 78 69 77 41 5 13 26 39 19 40 62 15 34 60 67 30 27 57 47 9 80 71 65 35 29 1 10 70 28 8 56 66 6 79 38 48 73 23 33 2 42 37 4 17 59 44 11 61 55 18 53 20 52 12 32 
19: 27 53 68 47 39 80 58 37 70 8 50 77 19 40 66 6 30 13 33 69 28 71 22 46 73 4 61 17 48 14 64 32 12 54 23 11 7 41 43 51 49 34 67 1 75 21 78 16 10 29 44 59 42 9 79 52 65 74 31 76 20 18 62 45 63 26 60 24 36 25 55 38 5 57 3 35 72 2 15 56 
20: 23 47 33 17 72 37 58 68 21 24 41 5 46 35 48 10 42 38 59 65 7 71 74 13 70 63 27 56 34 11 16 75 28 39 43 3 73 26 61 9 6 51 53 57 20 45 49 18 1 55 40 64 19 62 12 44 29 77 36 67 4 78 69 50 22 15 54 25 32 60 76 80 52 31 66 2 14 30 79 8 
21: 49 74 46 37 59 9 73 77 40 67 29 25 53 35 79 16 7 21 13 3 60 12 24 71 20 39 48 52 50 32 33 6 76 18 55 30 69 8 15 66 47 68 63 27 54 19 11 72 57 38 45 23 64 78 75 31 26 62 4 5 28 42 41 58 51 80 36 70 43 10 2 61 1 34 56 44 65 22 14 17 
22: 59 66 74 43 34 52 37 70 28 36 62 72 50 29 18 5 25 78 1 57 38 2 63 41 55 23 60 46 75 16 56 20 30 21 65 45 31 22 26 24 58 15 64 76 14 71 53 42 44 10 4 61 27 69 54 47 3 35 67 9 17 51 48 80 6 68 79 49 77 40 73 19 13 32 12 39 33 8 11 7 
23: 41 63 68 57 51 66 44 20 72 19 31 49 78 39 10 80 38 3 76 35 6 29 53 52 9 26 42 50 24 48 11 73 64 75 7 22 70 46 37 1 67 15 69 40 32 56 79 55 16 27 36 13 5 14 59 4 25 33 34 65 71 12 60 45 61 74 62 58 28 8 23 18 77 17 54 21 2 43 47 30 
24: 66 69 76 56 39 4 3 68 15 14 77 26 61 58 10 62 19 60 51 11 49 52 28 29 63 50 31 23 47 20 55 41 17 54 1 59 48 44 65 9 36 75 38 46 64 53 8 33 35 24 67 7 78 73 43 40 34 70 57 22 45 12 71 18 72 37 21 25 79 13 2 74 42 32 6 30 5 16 27 80 
25: 8 64 53 1 73 50 79 59 61 74 45 44 28 15 31 35 48 7 58 26 78 33 62 32 9 5 42 71 12 40 46 56 2 41 68 27 77 18 55 19 52 66 69 10 16 20 72 21 75 76 30 25 39 38 47 17 70 65 80 13 36 51 37 4 14 57 34 22 49 60 54 6 24 67 43 29 23 3 11 63 
26: 60 53 73 54 77 5 56 41 70 17 33 55 59 14 26 46 48 72 38 61 67 36 32 76 68 43 10 25 13 34 1 37 62 66 2 44 12 71 21 63 27 29 31 75 39 49 20 45 18 30 28 11 6 57 65 16 52 7 19 8 74 79 15 42 47 51 69 80 58 9 23 22 35 78 24 64 3 4 50 40 
27: 76 23 2 73 8 44 12 17 28 79 13 27 5 25 11 21 47 70 3 71 10 56 57 52 41 50 26 61 74 33 60 32 54 19 39 72 7 40 20 69 58 30 48 29 35 68 22 59 53 34 64 16 49 67 46 42 51 24 6 18 77 37 66 31 43 78 15 45 55 75 1 62 38 14 80 4 63 65 36 9 
28: 80 49 65 1 16 22 50 40 19 2 21 37 71 12 75 13 11 32 48 59 33 77 5 3 78 68 36 20 41 55 76 8 29 17 47 67 60 10 38 51 62 58 66 9 35 6 57 31 30 4 43 52 63 27 39 74 26 14 53 46 7 23 44 34 42 72 70 15 18 56 79 73 54 69 28 64 45 25 24 61 
29: 79 73 3 40 70 76 43 64 29 18 24 52 15 58 51 41 20 30 68 32 61 27 10 13 2 37 69 48 60 77 19 5 28 54 42 38 63 55 22 6 67 78 33 4 57 34 25 80 26 65 36 56 14 17 39 11 9 23 47 50 74 35 21 75 45 46 1 71 7 44 59 62 31 12 66 72 53 49 16 8 
30: 68 15 31 35 54 50 58 44 51 18 37 78 5 72 19 48 28 64 21 29 25 4 49 9 43 8 46 40 24 11 77 20 12 23 33 27 42 57 76 41 80 56 1 61 55 66 32 45 2 7 22 14 13 10 60 30 52 70 16 6 38 65 69 53 75 74 3 34 36 63 71 67 39 26 47 62 73 79 59 17 
31: 57 16 72 7 78 33 42 1 54 79 63 62 2 19 56 15 13 58 10 51 3 66 64 24 68 77 41 45 21 74 36 47 38 50 76 26 61 14 53 37 22 29 9 73 46 65 71 31 28 80 40 69 8 18 30 67 12 4 75 34 17 44 39 52 5 20 43 35 25 32 55 6 11 60 59 70 48 23 27 49 
32: 63 76 51 11 36 29 41 45 6 22 64 23 73 3 58 77 70 33 44 61 21 2 72 35 26 37 43 9 20 38 79 52 16 13 74 1 50 47 34 80 31 17 39 62 25 49 55 68 18 24 14 59 42 57 71 53 12 54 46 19 60 48 4 65 32 67 7 69 75 5 8 40 66 10 28 30 56 27 78 15 
33: 22 36 13 76 40 26 29 7 62 71 49 46 42 32 48 54 15 9 51 44 4 70 37 64 55 72 38 56 16 21 6 2 60 53 61 77 74 45 69 75 66 24 10 59 50 73 41 79 65 52 28 17 47 68 14 67 39 43 33 23 12 5 18 58 8 35 1 3 25 57 34 27 19 80 11 63 31 78 30 20 
34: 50 4 73 41 15 29 80 62 22 18 55 42 60 10 74 26 24 53 78 13 27 17 69 21 39 35 37 75 56 8 72 46 1 3 48 32 19 65 52 30 66 23 14 51 12 40 36 7 6 63 68 54 43 9 57 28 79 16 33 11 67 45 31 58 59 20 64 44 61 38 5 34 47 25 2 76 71 70 49 77 
35: 7 31 33 24 25 35 1 50 28 62 48 17 67 29 66 78 56 13 64 34 55 51 36 69 76 42 41 16 73 5 53 3 12 68 14 20 43 75 38 30 37 11 47 72 79 52 19 63 10 57 8 74 6 49 59 18 4 61 39 2 60 58 65 77 32 45 21 44 71 22 9 40 27 80 70 15 46 54 23 26 
36: 36 33 12 65 46 79 80 14 61 59 13 53 24 51 42 67 57 29 50 47 60 40 31 63 32 15 11 8 4 5 71 54 6 1 58 69 43 73 55 66 74 30 52 64 7 26 72 10 21 3 75 25 23 17 35 48 39 27 38 20 37 77 62 22 70 18 28 45 41 49 34 68 78 76 2 16 19 9 44 56 
37: 65 49 51 70 18 36 42 20 48 17 61 74 75 76 8 41 39 23 31 59 24 71 58 33 64 16 72 52 30 27 9 50 73 53 11 40 32 38 80 60 35 26 34 2 63 29 43 3 6 14 25 4 69 21 79 78 28 66 67 62 1 54 46 55 37 44 56 22 77 57 10 12 47 5 45 13 68 19 15 7 
38: 62 20 41 22 1 75 48 58 40 25 70 79 33 60 8 71 27 69 18 7 17 38 77 14 72 54 76 37 44 46 23 47 29 32 19 12 34 42 15 5 56 74 13 4 6 50 26 73 61 24 45 30 80 68 57 36 3 63 35 10 28 11 59 39 64 21 9 49 51 43 52 16 66 65 2 78 31 67 55 53 
39: 37 48 71 44 68 9 77 10 26 28 32 27 56 70 29 41 66 18 75 58 50 52 79 8 60 67 57 53 55 20 4 59 74 15 30 19 25 23 24 76 17 46 54 73 2 33 78 7 63 42 47 11 35 80 13 21 43 51 36 39 38 69 45 16 31 62 6 61 14 3 34 5 40 12 65 1 49 64 72 22 
40: 2 45 69 62 39 61 16 21 65 20 3 29 68 76 53 66 32 49 9 70 52 43 74 27 57 36 77 42 80 23 40 79 33 34 22 37 6 12 55 60 51 59 18 47 28 41 72 8 5 10 56 35 11 58 4 48 31 54 73 25 13 64 63 1 26 38 44 14 24 71 15 78 19 30 46 50 17 67 75 7 
41: 29 38 71 56 69 62 72 50 44 7 73 37 61 5 27 60 35 6 80 67 30 16 31 33 22 18 26 25 57 48 1 19 14 76 58 24 2 46 74 55 77 9 42 13 32 70 54 20 34 10 79 28 49 63 52 8 78 23 3 66 43 36 59 41 17 45 39 12 65 68 40 64 21 4 47 11 51 75 15 53 
42: 62 48 18 70 25 8 50 27 9 72 10 20 73 35 40 30 46 7 77 15 69 33 56 11 32 71 55 6 23 19 53 28 79 13 38 61 54 78 45 16 66 1 80 12 21 59 26 39 60 5 31 51 49 36 42 44 14 52 37 41 57 75 17 3 22 34 68 29 63 74 2 47 43 76 4 24 64 65 58 67 
43: 60 70 68 51 58 6 44 37 59 17 15 32 4 78 46 14 49 40 43 11 39 30 21 76 79 54 65 71 64 7 36 52 73 13 9 42 20 41 35 50 2 45 74 8 28 53 48 3 31 24 29 66 56 25 67 72 55 62 75 12 38 5 10 33 57 27 63 26 34 80 1 69 16 18 47 77 23 19 61 22 
44: 12 34 1 49 75 77 45 42 35 74 24 13 2 52 16 78 26 71 33 60 67 50 69 3 9 31 8 15 51 59 66 20 30 73 79 21 5 27 55 18 17 37 32 57 43 70 44 54 40 4 62 6 36 41 39 72 23 7 19 56 48 10 28 11 76 64 58 80 61 14 29 47 38 22 65 46 63 68 25 53 
45: 15 4 73 52 40 77 68 22 51 28 34 26 75 44 42 46 37 54 32 39 50 43 21 47 10 78 79 56 9 65 30 20 57 59 62 19 3 67 49 70 33 7 41 1 45 27 36 53 48 64 38 69 23 17 35 18 8 31 6 66 16 2 61 58 5 12 80 24 29 60 74 63 72 13 55 25 11 71 76 14 
46: 14 40 77 15 2 56 31 19 76 52 79 50 32 21 65 5 7 28 46 62 12 24 59 69 34 47 11 44 80 37 10 9 1 42 22 70 73 64 63 45 55 35 54 13 72 48 68 57 66 74 49 75 58 33 3 43 6 20 26 29 4 71 30 53 38 60 61 23 18 16 36 8 51 17 41 67 39 25 78 27 
47: 11 55 23 52 19 10 63 58 65 62 27 57 6 78 41 4 69 60 9 47 17 39 21 67 56 61 14 75 53 25 24 46 48 59 43 79 76 36 29 71 64 42 80 45 20 35 68 16 22 40 49 72 30 38 73 7 34 54 28 12 37 70 13 18 26 32 5 33 8 74 44 15 51 31 66 2 1 3 77 50 
48: 79 70 3 42 12 77 45 19 71 30 8 31 73 66 17 14 61 16 60 21 25 64 41 5 35 43 72 75 58 36 48 37 78 29 54 62 38 69 57 4 52 23 50 1 2 67 40 63 74 51 46 24 11 27 55 34 22 65 32 26 33 39 6 53 28 15 44 47 68 76 10 59 80 7 13 49 56 9 18 20 
49: 47 23 53 26 37 24 36 13 41 44 11 17 80 71 45 10 21 16 52 57 42 12 30 68 49 28 65 9 15 46 67 32 60 29 61 33 19 40 50 66 48 35 6 8 54 1 79 56 39 77 70 72 59 73 5 7 25 75 2 55 34 69 51 43 3 18 4 74 31 62 20 76 64 22 38 27 78 58 63 14 
50: 37 31 54 68 57 25 71 60 7 12 16 19 63 47 75 10 11 46 56 53 23 67 62 17 38 3 70 9 5 65 61 29 69 55 1 33 49 20 74 59 80 42 24 4 52 36 76 58 32 34 66 8 50 41 30 15 22 72 73 45 64 13 77 18 79 40 44 28 2 48 35 51 27 43 26 39 14 21 78 6 
51: 74 39 2 59 49 5 70 19 16 31 50 46 62 20 71 58 61 1 44 22 77 17 57 8 56 48 66 40 32 18 27 45 63 7 9 68 52 34 14 33 55 73 30 42 78 47 28 65 26 21 72 29 38 51 75 24 76 69 3 67 12 36 43 53 64 4 13 23 35 11 6 37 25 15 60 41 80 10 79 54 
52: 45 32 9 10 78 28 2 31 33 35 11 64 50 65 44 54 55 69 23 4 68 37 77 53 13 59 63 29 15 80 39 67 48 71 16 52 40 19 22 5 47 8 60 1 27 76 79 25 14 74 12 6 20 56 62 17 73 38 51 30 41 72 61 24 7 3 43 34 36 49 75 26 70 66 46 57 18 21 58 42 
53: 21 49 45 80 28 18 40 67 46 7 53 34 23 2 6 57 77 33 50 72 5 76 51 31 11 69 44 30 16 54 27 22 9 17 64 19 20 41 47 59 4 35 60 42 48 26 12 78 58 32 10 71 25 61 3 74 8 38 43 73 79 66 75 15 1 55 14 70 36 56 13 29 52 62 68 24 37 63 39 65 
54: 11 80 30 10 73 58 78 40 33 64 68 20 72 46 23 5 48 24 63 31 77 19 27 15 36 52 60 39 56 4 53 21 71 47 70 69 66 32 8 59 17 42 45 25 22 2 29 12 79 74 26 62 28 49 3 75 65 1 9 7 41 14 16 76 67 37 55 43 35 50 13 44 57 18 51 54 61 38 34 6 
55: 42 45 17 68 66 79 15 23 4 30 61 64 55 6 39 35 27 67 53 26 33 16 60 8 7 43 19 25 75 69 37 70 50 59 58 54 1 52 2 40 28 48 49 63 51 32 74 14 20 18 22 11 29 41 71 21 44 73 78 24 76 34 5 9 46 80 38 62 47 31 72 10 3 65 36 12 56 57 13 77 
56: 48 65 50 22 14 10 53 4 40 23 54 66 41 76 64 75 46 28 77 56 20 15 31 69 74 6 62 67 38 27 39 12 45 30 70 72 24 8 73 60 58 80 5 11 13 44 63 78 49 34 36 17 1 32 25 68 37 51 52 43 26 16 42 79 55 3 59 61 9 71 47 29 35 19 57 21 33 2 18 7 
57: 73 23 29 72 53 41 20 13 47 38 16 49 25 48 14 76 11 74 54 24 6 61 7 80 10 28 21 65 32 43 77 55 9 37 68 51 75 1 78 4 79 62 70 30 17 44 31 58 18 8 63 19 12 64 69 57 42 67 26 3 5 22 39 60 33 50 27 52 66 36 2 59 35 56 15 71 45 34 46 40 
58: 56 45 60 5 1 28 73 35 6 41 69 9 27 12 18 21 78 75 48 61 17 26 37 40 52 46 30 24 11 8 14 58 62 34 15 36 13 32 29 68 4 16 55 64 31 77 39 23 51 42 20 80 10 71 43 22 50 3 49 74 57 19 66 38 76 44 54 47 70 79 59 7 67 63 72 2 25 65 53 33 
59: 51 41 58 79 43 23 52 35 2 10 47 1 68 31 22 54 39 32 80 18 48 70 3 13 16 15 28 29 78 5 77 9 71 27 40 69 30 64 24 76 61 42 21 74 53 8 11 67 72 33 34 73 65 49 50 46 56 20 19 60 44 12 38 14 59 26 63 7 6 36 4 25 45 62 66 17 55 57 37 75 
60: 55 63 13 65 11 23 15 52 78 77 39 14 59 60 53 4 7 80 45 56 61 20 41 32 66 48 46 40 69 19 24 6 76 54 57 34 67 42 47 33 75 30 49 43 70 5 73 64 17 38 28 58 50 72 79 68 21 18 51 25 29 10 27 74 71 26 44 22 37 36 16 62 35 31 9 2 3 1 8 12 
61: 78 6 18 31 23 80 9 72 17 43 10 76 2 70 15 22 79 26 77 75 58 61 74 54 55 63 34 69 50 13 40 19 35 41 48 59 56 66 37 52 25 67 29 36 38 53 30 47 21 68 51 45 49 12 33 1 14 5 24 28 8 7 64 39 20 73 27 4 16 46 3 71 11 65 57 44 32 62 42 60 
62: 56 42 53 5 70 76 52 63 77 80 23 57 50 75 15 59 68 78 18 35 48 64 21 65 58 60 12 16 51 73 47 14 38 4 62 26 40 45 67 24 37 72 7 3 30 10 79 28 32 46 9 44 39 43 69 34 55 31 1 19 33 74 29 13 17 11 27 61 36 49 2 41 66 54 25 6 71 22 20 8 
63: 16 27 4 49 55 77 71 43 25 53 12 7 48 32 40 79 37 46 70 63 42 61 26 6 29 44 22 58 38 73 11 66 20 5 68 54 36 75 64 23 35 13 52 15 67 78 19 65 30 28 69 14 45 80 9 10 62 31 60 59 72 34 50 41 47 76 17 57 74 21 51 8 39 1 3 33 2 24 18 56 
64: 44 57 26 61 59 40 77 54 74 71 69 52 7 9 16 36 21 11 29 43 79 73 5 78 58 20 51 30 65 25 19 67 70 3 31 17 38 2 14 48 49 33 22 45 13 46 1 76 12 53 4 18 42 64 62 37 10 27 23 60 72 75 35 8 41 32 28 39 24 63 50 55 80 56 47 15 6 68 34 66 
65: 73 44 57 16 52 62 43 13 54 50 12 48 67 39 80 38 31 75 35 66 36 25 70 8 40 79 45 41 23 21 58 30 77 51 19 47 15 27 18 4 74 11 28 61 76 7 33 42 68 63 55 37 26 56 60 34 78 29 53 2 32 22 24 20 5 9 49 10 71 14 64 1 65 3 6 59 46 69 72 17 
66: 30 57 37 61 13 4 64 21 12 68 18 15 65 41 74 56 25 36 55 6 39 66 14 43 69 73 28 62 79 34 8 32 27 2 50 33 60 46 22 71 67 5 76 54 40 7 78 49 31 29 63 72 24 70 20 45 42 77 53 59 44 47 17 51 52 58 23 3 9 48 75 16 1 80 26 10 11 19 35 38 
67: 27 25 46 1 39 51 4 69 80 2 41 24 16 55 50 62 12 32 26 74 10 65 8 35 37 5 64 59 44 78 54 71 34 42 36 11 17 45 20 29 28 30 56 73 23 52 79 76 19 61 18 53 43 60 7 22 48 31 77 13 47 66 21 72 33 75 9 38 14 67 40 3 6 57 58 68 63 15 70 49 
68: 38 3 40 51 20 8 80 47 56 18 23 4 50 2 16 44 43 25 54 70 67 22 30 55 52 14 62 35 1 66 26 12 76 29 61 57 58 73 7 45 68 64 19 41 27 49 63 69 33 71 34 65 39 59 42 72 13 79 21 75 32 37 31 9 78 5 11 24 74 36 10 46 28 48 53 77 15 60 17 6 
69: 62 7 45 21 79 42 76 57 35 5 48 54 65 29 4 56 6 14 23 17 50 18 16 78 71 22 1 12 34 26 61 8 60 13 69 49 64 31 9 77 70 73 19 72 15 27 68 66 55 38 24 30 51 47 41 46 80 43 32 67 40 36 20 28 59 11 58 2 39 53 44 52 25 33 3 37 74 10 75 63 
70: 2 33 36 41 7 34 9 27 76 46 25 15 43 5 56 24 69 17 32 66 77 63 21 8 47 48 55 68 22 38 62 52 1 3 51 16 60 71 30 67 11 64 39 13 23 57 6 45 19 29 58 50 26 49 80 59 61 40 65 70 73 78 18 4 54 75 79 35 53 72 14 31 12 10 42 44 37 28 74 20 
71: 22 6 54 60 77 39 55 28 36 61 1 4 76 30 26 73 59 33 13 80 34 44 14 75 17 64 41 3 32 20 2 25 12 27 62 48 58 11 18 19 56 21 40 67 16 68 23 38 78 65 69 63 66 29 43 24 49 79 53 72 42 47 51 70 5 7 50 9 74 8 71 31 52 46 15 35 10 45 37 57 
72: 75 77 25 60 66 17 44 23 51 28 33 41 16 12 11 3 72 68 73 29 52 34 63 14 35 20 8 19 43 31 46 71 6 65 18 59 2 26 37 22 58 50 1 67 53 24 54 30 42 62 56 5 38 69 7 49 57 76 27 48 55 4 64 45 13 10 61 47 32 36 21 70 39 74 80 9 79 15 40 78 
73: 60 76 37 55 13 10 79 17 61 78 43 14 46 54 42 77 66 27 49 57 20 73 64 75 40 22 51 80 15 25 21 12 74 8 56 63 9 53 33 67 2 48 30 6 3 7 65 23 47 36 50 1 70 18 34 26 44 28 24 41 72 62 4 31 52 38 32 39 68 19 59 35 5 71 58 45 11 69 16 29 
74: 51 32 70 3 35 69 77 64 28 52 75 76 13 21 38 71 8 67 24 7 73 2 63 26 53 57 36 19 58 33 14 23 9 16 27 31 74 59 41 34 15 20 65 50 44 39 5 54 17 43 68 66 80 4 11 37 46 47 79 78 1 60 12 61 55 30 72 42 45 49 6 29 22 25 10 18 48 56 40 62 
75: 42 71 75 48 37 68 4 63 74 17 25 66 79 47 41 54 40 16 45 46 44 24 58 13 52 62 64 3 19 60 70 35 27 73 22 59 23 69 12 76 57 77 51 49 31 55 33 8 5 43 61 6 65 72 14 2 7 56 20 10 39 78 32 9 36 67 29 50 34 26 1 28 80 30 53 11 38 21 15 18 
76: 55 80 74 70 11 54 78 31 60 37 29 24 20 1 23 12 14 45 6 48 52 13 18 66 56 2 73 46 28 17 43 62 57 67 30 40 38 49 61 44 75 51 68 3 53 9 33 32 69 50 27 64 35 65 34 79 63 22 21 77 7 47 42 10 76 8 16 25 4 41 15 19 59 71 26 72 36 58 5 39 
77: 3 20 2 46 8 51 78 6 56 40 9 28 68 65 10 11 23 1 66 30 27 53 42 7 57 73 72 29 22 52 54 43 13 26 18 76 48 77 64 55 37 15 35 62 44 67 74 34 32 25 33 47 21 61 80 41 58 36 19 45 60 24 31 12 17 71 50 38 79 5 49 16 69 39 75 4 59 63 14 70 
78: 48 24 50 33 47 28 45 4 11 32 36 62 14 52 56 69 57 7 37 42 74 23 78 31 77 5 68 30 43 6 29 10 44 79 64 8 72 1 61 21 9 70 41 27 59 76 12 13 75 16 26 17 58 53 3 71 67 40 35 73 55 46 51 39 66 15 18 60 22 63 80 49 25 65 19 20 2 34 38 54 
79: 63 7 59 45 71 38 55 26 27 24 36 17 39 44 31 58 23 43 22 47 60 73 5 41 52 32 14 9 16 49 8 69 66 21 62 15 18 68 56 75 25 4 78 19 79 50 10 77 11 40 64 12 67 6 34 37 51 65 48 53 3 28 29 2 74 61 35 76 57 20 42 72 13 70 46 80 33 54 30 1 
80: 35 46 3 48 30 1 77 31 37 80 7 57 41 53 62 55 52 33 56 12 44 40 72 70 36 79 19 63 2 58 16 10 65 75 6 60 38 68 54 59 39 24 29 11 18 21 4 17 78 61 20 26 43 23 22 5 32 71 13 76 14 73 27 67 47 28 45 42 50 69 49 15 51 8 64 9 66 74 34 25 

1: 61 76 69 33 45 70 52 68 74 15 24 80 8 20 30 9 46 37 18 48 16 31 13 19 42 71 40 57 14 4 55 25 66 73 6 63 53 43 65 11 26 41 49 77 21 60 78 35 72 54 28 3 10 5 23 32 79 56 67 39 58 17 44 75 50 59 64 62 1 51 34 22 29 12 2 27 7 38 36 47 
2: 7 34 35 62 59 32 63 55 76 3 61 51 44 53 8 77 43 65 38 78 36 17 69 12 24 23 28 45 52 48 42 20 31 9 68 49 66 58 14 18 39 79 80 47 74 70 72 71 64 54 13 27 5 10 60 75 22 25 73 57 11 29 67 46 40 56 1 26 21 6 37 19 15 16 2 41 4 50 33 30 
3: 25 30 17 13 15 28 64 29 66 50 16 3 56 75 5 80 48 19 24 78 35 69 54 2 67 59 7 70 76 1 8 37 53 63 52 21 57 14 42 68 58 40 44 47 10 20 65 36 74 61 31 23 9 73 38 60 6 51 22 27 41 46 45 72 33 77 71 34 11 39 79 49 18 26 43 62 55 4 12 32 
4: 55 7 8 37 63 26 5 69 30 13 19 79 16 72 76 18 48 54 44 73 68 40 61 64 52 23 32 4 49 3 57 56 20 6 28 66 80 53 71 38 65 60 70 47 14 50 29 67 22 35 36 59 24 21 58 33 10 46 25 17 45 1 78 15 62 77 74 43 11 27 51 75 2 12 39 41 9 31 42 34 
5: 39 46 70 17 57 47 33 62 26 53 74 51 71 18 34 32 69 4 35 25 50 21 16 55 60 6 77 40 48 63 79 45 52 28 80 65 54 14 49 8 56 22 24 31 59 12 37 10 15 23 1 5 29 36 41 75 13 11 66 7 61 73 68 44 42 2 58 19 78 3 30 67 76 72 64 43 38 27 9 20 
6: 41 5 25 66 69 22 1 72 36 32 17 42 21 54 7 73 77 33 15 30 50 16 47 35 2 62 6 19 4 28 78 9 56 20 31 26 60 63 18 45 75 67 10 55 48 12 37 11 14 74 43 40 3 8 57 27 34 61 70 13 65 38 64 71 46 23 58 51 49 52 79 29 80 59 39 76 44 24 53 68 
7: 62 64 49 19 68 42 5 50 13 66 34 4 25 12 55 69 28 39 48 20 73 27 14 58 23 16 29 63 44 60 52 21 24 53 30 2 41 51 71 77 45 37 26 15 6 43 61 54 70 8 17 65 32 36 80 72 59 18 22 75 31 46 3 38 47 56 74 78 7 40 11 79 33 57 1 10 67 9 76 35 
8: 37 79 23 54 22 52 69 26 15 25 32 7 60 73 56 5 20 75 8 77 29 58 51 34 14 21 19 6 24 41 18 12 50 31 39 61 62 53 13 17 66 44 68 28 9 57 40 64 67 3 11 36 74 78 59 1 43 45 46 48 35 16 63 71 4 27 38 49 47 33 2 65 76 80 10 30 42 55 70 72 
9: 13 65 77 60 41 70 9 14 75 2 17 51 32 61 39 25 46 42 53 23 38 62 76 37 24 30 54 57 8 52 18 66 40 45 55 58 49 64 19 7 63 20 12 15 31 11 59 73 56 47 21 27 26 35 10 79 5 16 4 33 28 67 36 72 34 68 48 44 78 22 69 3 29 74 80 1 6 50 43 71 
10: 3 7 2 49 12 48 61 26 78 17 33 69 74 56 20 63 55 18 41 36 43 37 22 66 38 45 64 72 25 13 4 34 65 68 77 21 50 27 42 40 19 32 9 47 71 57 16 29 8 24 11 46 54 52 1 35 60 59 15 31 58 67 75 53 51 5 23 76 6 79 28 30 44 10 14 70 62 73 80 39 
11: 77 33 31 28 3 26 7 46 38 47 48 36 27 45 21 44 30 22 51 12 1 37 73 50 79 67 41 25 74 18 65 9 75 68 64 15 23 66 5 40 13 16 78 19 60 34 59 69 42 58 53 24 56 20 11 32 49 35 43 54 57 70 80 8 76 6 71 4 10 39 61 55 63 14 52 62 72 2 29 17 
12: 39 35 75 80 64 21 67 52 28 12 1 50 27 48 74 45 36 33 4 30 53 6 44 26 5 57 49 23 41 8 24 47 55 79 76 58 2 42 56 37 40 15 59 7 68 10 69 9 54 60 22 34 14 46 43 38 65 25 66 19 51 78 16 72 63 77 13 3 73 11 31 62 70 18 61 32 71 20 29 17 
13: 13 54 36 14 46 22 80 47 3 6 56 7 66 64 11 5 8 25 53 60 75 67 49 12 10 79 29 18 39 69 16 31 52 43 38 48 34 21 37 23 62 30 68 50 57 58 24 70 42 41 45 63 77 32 9 4 33 26 71 78 76 2 35 55 28 1 61 17 15 73 27 51 74 65 44 20 72 59 40 19 
14: 54 15 63 51 56 73 13 64 23 24 59 37 35 29 62 33 30 34 78 36 14 6 8 74 65 77 39 2 49 5 71 42 79 26 44 75 40 21 72 11 16 4 69 52 10 28 46 3 67 41 1 25 50 7 57 68 70 38 66 61 27 32 60 43 19 58 53 31 17 45 9 76 55 12 47 48 22 18 80 20 
15: 68 33 79 9 65 24 29 59 50 14 47 74 80 30 26 69 22 41 10 28 71 4 64 52 77 21 35 12 3 67 72 53 1 75 6 60 55 62 8 49 27 16 5 17 11 38 7 40 45 39 66 73 42 61 2 31 78 13 19 46 25 37 56 51 63 23 48 44 15 58 36 20 57 18 43 76 34 70 54 32 
16: 51 22 76 65 20 12 26 50 31 61 27 69 46 10 59 8 21 32 35 33 64 45 14 75 37 56 24 53 9 72 78 30 71 15 77 3 79 36 44 73 11 68 52 63 67 40 54 38 25 48 13 60 6 80 57 2 70 47 49 7 18 16 66 34 4 17 39 28 5 58 74 19 41 42 55 43 23 29 1 62 
17: 16 48 45 4 17 58 35 54 56 8 55 14 79 41 1 63 18 19 46 47 34 72 26 40 60 75 64 23 59 43 39 10 49 37 66 77 53 11 33 52 12 5 21 25 76 74 13 6 32 7 31 62 3 65 22 30 73 2 78 70 42 27 44 51 80 29 15 28 61 24 57 20 38 71 36 68 67 9 50 69 
18: 14 36 48 30 18 5 75 77 37 70 57 61 28 65 15 26 16 72 46 63 80 34 24 21 22 42 23 58 13 55 79 29 54 78 19 66 60 4 43 53 49 25 32 62 2 40 8 9 17 44 47 12 56 68 67 7 11 74 39 64 45 1 3 71 59 51 50 69 27 35 76 52 33 6 38 10 73 31 20 41 
19: 10 24 14 15 57 62 71 68 44 30 58 9 37 60 1 12 54 17 16 72 45 76 32 36 63 67 46 13 5 8 59 73 56 39 64 23 42 26 55 18 2 7 28 65 11 22 48 66 53 38 70 3 50 77 52 75 34 49 31 51 80 47 35 4 33 69 6 43 25 21 79 41 29 40 74 20 78 61 19 27 
20: 17 43 16 36 11 9 77 3 75 45 21 78 12 49 51 39 27 56 79 23 70 53 65 14 38 29 80 26 69 47 33 50 48 28 58 6 20 31 55 19 73 44 71 52 1 76 25 7 40 24 63 54 68 15 5 41 64 62 74 8 2 67 59 22 35 34 42 4 46 66 72 10 18 57 37 61 30 60 32 13 
21: 19 32 42 38 39 60 17 31 25 9 10 26 14 37 13 63 69 72 64 58 18 46 24 74 77 57 76 56 8 28 11 49 44 35 4 36 68 75 79 30 22 20 41 50 71 15 67 80 5 7 66 34 3 21 1 43 52 40 70 55 6 27 53 59 51 54 48 45 29 16 23 33 47 62 78 73 2 61 12 65 
22: 34 68 80 77 76 5 6 55 44 30 25 52 14 23 72 45 59 11 50 66 63 22 9 64 41 7 28 65 10 20 54 39 26 19 42 3 36 17 27 53 62 69 79 40 12 58 51 75 24 33 48 37 57 4 15 70 18 2 47 60 16 67 43 56 71 8 74 1 73 61 21 32 35 49 46 31 38 78 29 13 
23: 7 57 4 29 67 22 15 56 6 80 11 79 65 74 35 20 68 59 36 39 50 60 1 54 27 9 53 69 48 32 63 37 70 23 42 5 76 72 30 31 21 13 12 28 75 52 66 62 45 64 3 34 2 77 44 46 19 38 73 49 58 51 33 41 71 17 24 61 14 8 16 40 18 55 78 47 43 26 25 10 
24: 12 63 16 61 30 28 42 13 51 19 11 56 23 59 35 45 77 1 65 9 31 43 4 17 7 18 52 29 25 3 34 69 58 55 24 27 67 46 36 80 15 2 48 78 57 73 49 5 40 76 38 47 70 79 71 68 37 8 22 44 20 75 72 60 41 6 14 74 26 32 39 62 64 50 53 54 66 21 33 10 
25: 75 37 70 41 6 31 76 58 72 67 57 7 25 23 52 17 32 29 18 63 59 8 49 5 34 2 80 50 78 30 40 39 28 64 61 65 51 38 55 74 16 4 20 73 43 44 66 13 77 26 69 71 21 19 12 10 42 56 47 15 14 54 9 53 1 46 36 33 45 62 27 48 68 24 3 35 11 22 60 79 
26: 49 74 41 75 37 32 30 17 69 7 63 20 54 47 11 56 3 53 28 19 5 14 78 21 61 6 13 72 52 40 33 55 26 62 36 12 73 8 48 70 2 57 51 44 65 76 16 29 34 64 31 1 15 59 22 71 4 43 46 10 68 9 35 42 18 60 50 39 45 23 66 24 79 25 77 67 80 27 38 58 
27: 21 70 62 2 5 41 44 36 61 58 56 6 74 22 57 48 40 32 75 65 20 78 47 42 33 15 63 10 77 4 76 35 9 45 13 79 50 38 25 71 8 60 80 14 28 18 72 31 59 17 66 23 16 3 11 39 49 55 43 30 7 19 69 64 46 12 24 51 52 26 29 53 1 68 37 67 34 73 54 27 
28: 54 36 3 59 79 53 4 17 20 73 70 21 65 50 33 38 66 72 78 8 61 42 6 15 56 2 24 1 35 31 25 46 23 52 34 51 22 69 29 27 12 64 30 26 60 11 77 71 32 37 14 44 74 16 55 76 45 28 10 39 49 58 13 47 9 62 41 68 57 19 7 75 48 40 43 67 63 80 5 18 
29: 45 79 77 39 48 17 20 4 18 51 21 43 36 58 35 75 54 62 80 16 40 73 59 31 76 32 28 50 37 65 9 3 42 61 69 10 7 66 44 57 11 8 60 74 27 2 5 22 47 25 26 49 72 14 12 63 1 23 15 56 46 13 19 30 53 24 6 29 38 34 78 41 55 70 64 52 71 33 67 68 
30: 18 29 55 69 77 68 35 8 16 43 7 23 5 42 48 21 17 38 80 10 47 63 27 79 34 49 6 33 72 67 40 37 41 73 31 36 4 39 14 11 24 30 46 1 50 54 75 61 3 25 78 58 51 44 74 52 65 45 66 15 56 76 70 64 60 53 20 2 22 57 19 62 71 26 32 59 9 13 28 12 
31: 24 17 32 31 19 51 34 64 66 54 4 41 43 30 33 21 77 48 55 58 20 78 47 67 16 23 22 1 29 11 79 44 52 60 8 13 35 28 70 39 76 46 12 2 42 49 27 9 80 56 15 74 73 50 14 7 25 57 10 75 26 38 63 6 18 71 3 59 36 72 45 40 5 53 68 65 62 61 37 69 
32: 62 67 12 37 44 64 48 57 41 27 11 77 66 47 43 31 39 70 45 72 32 10 63 4 75 50 78 49 71 54 17 21 25 26 59 24 7 22 20 19 28 76 53 29 34 60 69 61 13 79 55 6 46 8 38 9 18 5 30 56 58 42 65 23 14 68 1 3 2 74 52 33 36 35 15 51 40 80 73 16 
33: 66 35 38 64 70 19 52 32 43 74 71 15 62 10 50 63 58 55 3 33 12 57 9 42 69 47 22 56 28 6 78 80 72 1 77 79 23 4 7 49 45 36 73 26 29 25 16 30 39 46 34 24 65 59 41 53 13 76 17 5 14 37 68 44 51 18 48 67 8 21 61 40 11 54 2 75 27 60 31 20 
34: 44 21 58 24 48 34 3 62 78 74 31 18 11 16 41 49 59 2 72 6 23 76 1 38 45 8 26 75 64 4 46 60 29 51 63 13 27 25 66 70 19 7 80 35 22 5 10 71 52 33 39 20 36 50 53 56 79 55 12 73 65 14 32 28 68 54 77 9 69 43 67 61 57 37 40 42 15 17 47 30 
35: 76 67 4 50 43 62 13 35 39 57 14 17 26 46 52 75 9 77 73 64 32 27 5 16 59 38 44 10 70 47 3 24 41 23 69 60 2 12 8 45 37 49 34 80 79 25 36 15 66 28 7 6 11 58 53 63 61 33 31 51 29 21 42 40 19 72 68 48 1 78 74 55 65 71 22 20 54 30 18 56 
36: 50 29 77 13 54 78 1 76 23 51 2 53 21 15 5 27 59 80 14 70 9 4 73 66 63 8 28 57 16 64 30 36 24 31 40 34 56 71 72 20 25 39 43 37 38 10 45 46 6 18 68 35 11 47 41 55 58 48 75 52 7 62 44 19 60 79 42 22 74 61 32 12 33 17 49 69 65 26 67 3 
37: 31 35 63 34 79 13 43 58 26 78 17 41 36 71 37 72 61 33 57 23 59 52 56 5 65 76 8 1 22 21 18 39 10 40 69 77 48 53 62 14 73 15 75 27 68 3 51 42 29 54 9 74 28 24 44 45 4 47 32 67 25 30 50 46 38 49 12 7 70 66 6 2 60 20 80 55 64 16 19 11 
38: 30 41 72 37 10 8 80 5 3 42 55 64 56 73 1 33 48 6 58 15 18 14 57 17 25 44 24 79 67 47 22 78 29 61 7 60 65 11 70 69 50 39 26 9 2 20 31 68 52 59 51 45 23 38 63 74 36 43 19 4 21 13 62 32 27 53 75 66 76 71 35 28 49 16 40 34 77 54 12 46 
39: 42 65 70 3 30 46 71 4 57 33 43 7 66 2 15 10 51 26 27 8 24 48 40 73 9 22 14 56 67 17 38 6 75 5 13 69 37 72 61 12 36 60 39 68 52 41 58 20 23 1 80 21 44 34 50 31 59 25 29 77 63 74 64 53 47 19 79 16 49 62 78 11 35 18 28 45 76 55 32 54 
40: 44 70 50 21 67 35 7 59 46 30 29 48 1 40 32 14 27 65 2 39 5 15 43 45 71 66 58 38 31 53 80 11 24 51 12 49 54 73 6 28 56 60 62 26 4 78 41 69 18 19 61 17 3 47 9 76 34 16 75 13 79 25 33 55 23 20 57 72 42 36 37 10 22 74 77 52 68 8 64 63 
41: 3 53 7 68 26 18 30 80 2 9 56 8 74 54 36 44 42 15 14 33 49 45 4 12 48 47 37 34 59 38 77 78 24 67 29 20 75 64 55 57 31 35 22 60 6 16 13 72 63 52 41 32 71 50 65 43 21 17 19 61 46 76 23 51 40 70 69 1 10 79 73 5 39 28 58 27 66 62 25 11 
42: 22 63 33 59 17 18 1 31 60 69 25 4 11 6 66 7 35 72 55 65 36 14 5 54 12 52 56 75 77 74 76 13 62 16 51 53 39 57 24 48 38 47 67 68 10 28 46 49 43 44 3 58 27 29 34 40 37 78 71 61 19 73 2 70 30 41 20 79 32 23 26 9 80 45 42 64 8 15 21 50 
43: 28 6 52 14 80 63 1 38 2 40 20 53 69 55 79 57 47 21 19 48 8 70 17 11 45 44 24 54 67 61 77 42 60 29 65 68 9 36 5 16 4 64 72 32 23 39 15 46 27 30 56 33 35 76 7 73 62 71 51 10 25 31 26 22 78 18 37 3 49 58 12 75 50 66 59 74 13 43 41 34 
44: 14 45 46 19 77 65 73 74 63 37 78 38 4 33 32 79 57 24 35 28 80 40 16 56 1 21 44 47 30 25 11 67 9 2 26 69 29 52 48 68 41 75 42 60 6 7 3 17 13 10 12 20 22 34 59 8 15 55 27 71 58 51 5 36 70 43 31 49 39 18 72 64 50 61 66 53 76 62 23 54 
45: 77 60 49 64 11 30 48 75 74 65 52 44 51 43 7 61 24 70 6 71 2 37 54 31 80 72 59 53 19 29 17 26 50 66 58 67 20 55 4 18 36 73 14 35 9 76 8 12 68 13 5 27 56 28 33 34 21 38 23 63 57 46 69 1 41 22 78 79 25 40 32 10 45 47 62 42 16 3 15 39 
46: 50 13 49 31 46 18 70 23 69 7 47 35 4 22 32 34 74 67 51 73 54 15 72 61 55 1 58 56 68 62 65 24 26 66 10 77 40 20 6 48 76 80 33 71 53 75 64 45 63 9 43 16 19 21 27 3 30 5 36 44 42 52 79 28 29 41 8 39 59 14 60 2 11 25 57 37 17 78 38 12 
47: 46 15 19 61 80 16 47 45 54 39 75 64 67 24 25 2 62 69 37 12 55 65 66 71 26 28 78 63 8 43 3 51 41 68 74 20 44 23 5 10 4 29 1 34 60 31 36 52 14 40 57 33 35 73 79 38 17 59 27 18 50 70 72 77 22 7 9 32 42 30 48 56 58 76 11 6 49 53 13 21 
48: 27 13 1 34 71 58 16 60 49 33 62 25 30 52 54 57 31 51 66 2 20 43 39 42 48 37 41 21 8 18 75 70 76 64 29 9 26 7 50 67 79 55 68 53 73 46 77 47 24 36 74 10 15 32 6 80 19 65 5 38 23 35 78 63 4 59 72 14 40 17 44 28 3 11 12 61 22 69 45 56 
49: 33 61 79 29 70 73 15 42 13 41 8 48 12 46 51 14 35 63 62 74 6 69 78 32 2 43 77 57 75 31 10 38 59 19 17 7 44 76 20 39 49 72 26 1 34 80 58 52 21 56 5 54 3 67 53 16 23 11 36 18 37 4 28 71 55 24 45 25 22 65 68 30 60 66 40 64 47 9 27 50 
50: 75 74 53 65 38 4 35 41 68 52 43 3 31 78 15 40 48 63 33 16 27 23 79 7 14 20 76 29 71 6 50 28 56 2 39 64 32 44 10 13 60 30 46 17 36 8 80 62 22 25 5 54 57 37 70 67 61 49 66 42 34 51 24 55 69 9 77 59 58 45 1 18 47 26 11 21 73 19 12 72 
51: 43 51 38 19 54 11 26 30 62 49 24 80 78 37 45 33 64 46 57 42 28 59 29 69 67 79 71 76 73 15 77 47 58 2 68 18 65 7 50 32 75 44 72 25 41 39 10 53 5 48 74 61 63 35 20 4 31 34 17 6 52 56 14 1 60 70 55 66 13 3 36 9 8 22 40 12 16 21 27 23 
52: 4 7 20 72 74 68 49 79 54 69 71 12 78 38 47 73 31 35 21 55 33 46 64 36 56 39 76 30 5 45 22 11 34 63 70 66 23 77 44 52 43 80 37 50 67 26 75 15 10 61 28 13 18 51 42 19 27 53 25 9 14 3 1 60 2 65 59 6 16 29 41 32 8 48 62 40 17 58 24 57 
53: 13 78 11 41 32 36 18 65 25 73 44 75 45 34 21 57 56 39 40 24 71 29 51 64 16 33 52 47 30 55 43 50 22 3 15 28 31 20 76 66 6 1 49 10 2 19 37 58 38 5 46 7 23 70 12 9 80 62 61 69 35 54 74 63 77 27 48 68 79 42 14 8 72 53 26 67 60 17 4 59 
54: 2 71 43 17 40 52 19 36 44 14 6 20 10 65 73 46 54 48 47 34 61 24 49 62 67 57 12 77 13 25 11 37 3 29 23 79 8 70 72 63 4 31 15 32 59 68 64 30 42 33 75 39 18 51 26 7 27 1 53 58 35 45 55 41 78 22 38 50 60 76 9 21 56 66 69 74 16 28 80 5 
55: 39 18 38 35 66 1 51 29 73 58 53 33 27 77 69 21 40 45 61 48 79 26 68 72 20 6 55 16 67 9 14 70 52 36 42 22 34 28 78 43 76 60 15 5 24 62 13 54 59 32 74 75 2 19 12 3 50 49 64 47 63 80 57 31 44 7 46 8 30 71 65 56 17 25 11 41 37 10 23 4 
56: 7 31 1 51 3 62 33 42 26 15 65 67 28 30 17 64 63 35 73 19 20 50 13 21 34 74 66 22 2 60 10 78 4 11 5 12 40 43 23 46 18 25 71 27 53 76 45 58 36 54 77 14 41 68 52 69 59 55 38 72 79 29 47 61 70 48 39 16 32 57 9 6 24 37 80 49 8 44 56 75 
57: 30 51 24 66 11 14 63 2 15 12 34 70 38 18 49 31 73 72 25 21 39 61 32 47 6 50 80 5 56 53 44 1 67 19 17 75 41 78 48 10 45 20 8 16 54 40 65 52 23 59 26 33 3 35 22 71 58 7 13 55 76 36 64 79 28 37 60 42 4 74 62 43 57 9 46 27 68 69 77 29 
58: 21 48 40 64 26 6 10 37 78 49 5 80 66 25 32 68 45 7 24 47 17 18 69 38 76 2 56 15 39 67 27 57 3 35 12 23 62 70 75 20 28 30 33 42 60 51 46 71 72 61 34 74 52 4 1 59 43 73 65 63 22 77 55 14 11 9 8 58 50 31 44 16 41 53 79 13 19 54 36 29 
59: 51 49 16 54 60 74 19 39 21 40 12 73 79 45 64 44 78 41 37 61 52 10 63 57 77 8 38 31 4 18 72 50 69 6 3 55 11 35 36 80 62 20 53 23 71 76 67 46 9 29 75 17 47 56 42 59 7 14 1 30 22 13 25 2 24 33 68 26 70 15 48 32 65 43 34 66 27 5 28 58 
60: 31 44 71 7 69 55 30 61 57 16 34 43 1 20 47 74 51 68 45 54 11 49 80 70 66 3 17 32 76 63 26 12 13 2 24 8 78 4 64 59 62 52 72 22 75 33 77 29 67 5 23 48 25 46 35 40 38 21 42 39 53 36 50 73 19 56 10 9 41 18 15 58 27 6 60 79 65 28 37 14 
61: 68 61 5 27 35 31 4 11 57 1 50 8 39 75 78 12 21 74 2 29 54 69 52 19 64 55 16 13 26 45 72 71 43 60 20 32 66 53 9 23 22 44 34 76 65 48 62 46 58 30 73 37 38 7 80 56 17 36 15 24 42 59 79 49 63 3 70 28 18 14 10 77 47 41 67 6 40 33 25 51 
62: 48 40 76 66 35 64 53 43 38 69 55 21 36 44 17 23 74 29 79 51 1 12 34 67 6 2 49 45 26 47 52 72 8 27 15 25 28 22 57 56 4 14 41 16 58 65 46 32 62 31 63 5 24 7 13 30 75 71 50 61 77 70 18 73 20 60 39 33 10 59 78 54 68 37 19 80 11 42 3 9 
63: 6 19 58 10 35 62 74 3 65 43 32 33 64 79 7 29 9 47 26 69 54 13 66 80 22 53 28 12 30 25 67 60 4 1 46 15 70 72 75 37 21 11 20 48 59 16 14 76 71 51 17 27 68 24 50 8 49 23 5 56 18 55 52 44 73 39 2 42 57 45 41 38 78 36 77 63 34 31 61 40 
64: 59 51 45 29 43 20 63 60 73 77 70 40 33 57 22 50 35 41 80 8 64 53 3 1 78 23 25 28 79 13 68 16 65 38 52 39 72 58 32 61 7 74 6 26 27 17 31 56 67 42 66 11 34 10 69 15 19 76 55 2 4 9 12 54 48 24 5 62 47 46 44 49 30 18 71 21 14 37 36 75 
65: 78 40 15 72 65 27 31 30 16 18 17 43 7 68 41 4 19 53 23 25 42 34 21 2 66 71 22 36 46 60 58 64 52 73 39 29 55 54 57 32 9 51 69 3 48 24 1 33 35 70 63 49 79 76 77 11 61 62 13 26 12 20 6 80 8 38 75 67 28 59 45 56 47 14 10 44 37 50 74 5 
66: 59 60 61 34 64 13 66 54 4 3 37 65 12 19 80 75 27 31 14 25 67 35 11 42 44 41 71 43 56 18 23 45 62 63 76 49 7 79 77 8 22 10 29 50 52 17 53 15 74 38 5 30 47 46 78 16 48 20 39 28 55 2 40 72 70 1 51 32 58 73 26 9 69 36 24 68 6 57 33 21 
67: 35 55 31 24 50 2 30 1 41 7 27 32 74 29 20 60 66 79 34 40 56 6 38 28 61 78 49 39 75 42 26 37 54 72 14 45 9 25 3 76 10 4 5 63 44 77 43 67 64 69 15 22 51 57 19 68 11 18 46 16 62 8 23 59 65 17 71 58 13 33 73 80 70 47 36 53 48 52 12 21 
68: 25 50 71 79 23 63 3 54 41 75 61 5 44 33 46 16 8 14 69 65 4 36 72 1 47 40 11 60 70 17 78 56 6 12 35 55 10 39 30 62 42 57 32 77 34 31 45 67 59 22 37 7 20 76 15 68 66 43 13 53 64 48 29 80 2 18 51 21 49 38 27 26 24 52 73 58 19 74 28 9 
69: 40 57 55 53 30 27 58 10 19 32 46 18 7 31 66 79 77 56 70 21 61 54 59 41 65 73 38 11 6 16 44 76 37 5 72 36 75 29 13 47 33 67 9 45 22 14 24 49 17 2 60 12 20 78 64 68 51 52 15 63 28 69 43 1 42 71 50 3 25 74 62 8 39 23 4 48 80 34 35 26 
70: 15 21 2 68 47 44 30 59 11 13 65 64 55 58 52 8 18 75 28 43 66 3 24 67 79 78 6 39 38 41 69 80 26 12 42 61 40 56 45 10 31 9 25 4 35 71 53 5 33 54 50 57 76 72 51 16 77 73 60 19 62 37 23 17 27 63 20 32 46 22 14 49 74 70 34 36 7 29 48 1 
71: 9 38 13 39 77 2 66 11 64 71 17 10 80 7 68 46 43 36 79 8 16 25 26 73 63 54 49 4 74 69 24 65 37 72 53 55 32 15 47 27 30 21 50 44 29 48 5 76 42 19 41 56 14 35 52 78 31 6 23 62 57 59 51 60 67 34 12 3 58 18 1 20 75 33 28 45 22 70 40 61 
72: 18 76 7 45 9 49 5 41 38 16 32 63 69 30 75 72 68 70 77 52 25 23 21 2 26 73 29 46 48 34 40 20 55 15 78 13 14 64 12 19 66 10 1 67 65 24 54 39 17 79 3 43 8 57 6 56 27 61 60 36 53 50 11 4 59 35 33 28 37 62 44 74 22 31 47 80 51 71 42 58 
73: 66 37 40 15 54 30 45 43 28 33 71 1 35 55 73 22 29 18 67 79 80 3 65 10 11 60 2 23 31 14 38 51 48 46 9 21 61 50 57 13 36 77 7 44 62 70 32 20 64 72 5 8 42 59 78 76 19 24 52 56 75 41 69 25 27 12 58 49 39 4 16 63 68 53 6 17 26 47 74 34 
74: 78 16 33 36 42 63 4 54 29 66 37 80 52 70 30 60 46 25 75 77 1 22 3 79 45 14 73 55 7 35 21 48 64 76 59 13 6 74 18 10 34 8 51 23 61 32 24 41 50 65 12 68 67 20 47 11 38 31 19 62 44 40 72 27 56 69 17 39 49 9 71 53 43 58 2 5 26 15 28 57 
75: 73 62 67 17 32 11 24 57 70 34 72 33 45 64 19 6 7 56 59 68 3 61 25 31 76 58 60 41 42 22 8 77 75 52 20 26 21 79 16 10 44 14 27 80 2 78 69 13 53 63 43 55 66 4 1 40 46 35 50 12 65 49 71 23 47 30 9 36 39 15 38 29 51 54 28 5 74 18 48 37 
76: 65 40 10 23 14 68 56 49 19 18 21 11 12 70 62 42 78 77 50 8 24 33 13 57 20 73 25 75 32 79 53 35 51 69 76 63 60 26 1 28 9 39 74 80 3 36 16 54 17 7 47 55 6 4 5 72 29 34 61 2 22 46 52 71 15 66 58 59 44 67 31 43 37 48 41 45 30 64 38 27 
77: 19 10 40 25 80 11 47 38 33 67 75 78 41 2 68 16 58 22 34 48 60 65 9 66 20 42 71 77 64 79 18 3 49 62 55 74 21 69 54 23 26 56 76 72 12 36 46 5 51 31 13 53 70 63 15 27 73 29 14 32 35 28 43 6 37 45 57 30 52 4 61 17 50 44 7 59 1 39 24 8 
78: 35 52 12 40 71 62 38 59 28 6 9 41 20 53 37 43 8 13 32 79 36 51 73 27 64 74 65 45 55 42 7 80 46 44 2 31 50 17 16 21 57 67 23 49 77 33 61 22 18 68 70 1 24 47 4 30 10 72 63 56 11 25 29 5 78 39 15 75 60 48 58 19 66 14 76 54 69 3 34 26 
79: 17 8 33 9 70 62 50 60 76 35 48 68 3 53 56 10 59 40 71 72 36 6 39 30 46 32 49 54 47 58 27 57 25 14 63 51 80 18 67 34 23 31 65 13 22 38 5 26 28 44 61 69 74 73 79 78 77 2 29 37 52 15 7 4 20 24 75 64 45 42 43 11 21 55 41 12 1 16 19 66 
80: 12 73 70 68 37 74 10 42 77 65 44 30 43 79 61 49 53 28 19 51 26 23 71 67 20 17 52 78 7 31 9 41 76 57 38 39 18 75 69 66 54 59 1 4 33 40 50 64 13 60 21 32 2 55 24 62 15 27 58 11 46 5 34 47 6 45 8 22 14 36 63 56 25 80 29 72 35 16 48 3 
