1: 23 36 31 26 25 9 21 34 15 5 27 3 32 11 7 2 19 28 18 8 14 29 10 24 39 38 30 35 20 40 17 16 22 33 13 6 12 1 4 37 
2: 22 30 36 8 15 1 13 35 40 25 12 28 32 7 33 29 5 3 17 4 9 19 27 31 18 14 23 6 11 10 16 21 26 38 34 37 2 39 20 24 
3: 3 2 27 18 32 31 24 9 1 17 34 29 13 5 14 37 12 25 21 30 7 36 35 19 6 10 8 11 28 16 23 39 15 40 4 26 20 38 33 22 
4: 16 19 20 15 9 32 31 10 13 39 28 26 29 40 2 37 5 21 36 8 18 1 27 25 24 11 4 7 14 30 35 33 3 34 17 6 38 22 23 12 
5: 33 24 30 38 12 6 18 5 15 37 36 27 8 28 34 31 23 14 39 32 3 1 26 9 19 20 21 25 11 4 35 13 16 7 2 22 17 10 40 29 
6: 35 24 39 11 12 32 33 34 13 26 10 29 38 31 5 40 18 14 15 37 23 30 1 22 2 4 7 20 3 19 16 8 9 27 25 6 17 28 21 36 
7: 31 1 32 9 5 16 19 17 4 40 38 13 36 33 14 35 34 22 25 10 6 7 28 11 21 26 24 29 23 30 27 39 3 37 20 8 18 2 15 12 
8: 17 20 9 18 21 12 23 10 38 2 36 31 35 7 32 4 27 25 15 13 28 8 3 29 30 19 16 5 1 14 6 26 40 24 34 39 33 37 11 22 
9: 39 11 3 35 18 5 4 37 9 2 20 26 10 14 1 23 15 8 13 25 6 17 33 30 12 21 22 34 27 40 32 38 19 31 16 29 24 36 7 28 
10: 12 24 17 36 35 19 30 31 23 37 4 20 15 16 18 25 3 40 7 28 11 13 26 39 22 29 38 2 27 9 1 10 21 8 34 14 5 32 33 6 
11: 3 20 36 24 1 27 13 29 5 34 2 6 22 23 14 40 28 37 7 26 17 21 33 10 18 12 9 16 30 8 4 31 32 38 11 39 15 25 19 35 
12: 11 25 30 3 19 4 14 2 17 35 29 9 23 40 8 27 21 22 18 28 39 20 1 10 16 5 12 15 31 33 24 36 13 26 6 7 38 32 34 37 
13: 29 9 27 40 25 36 4 34 24 2 20 32 5 6 3 7 23 31 15 12 39 35 38 33 13 37 8 19 21 14 30 18 17 28 11 22 26 16 1 10 
14: 25 12 3 13 20 15 1 23 33 39 7 10 26 11 27 36 28 9 31 22 6 29 16 19 5 38 40 17 18 32 24 8 35 2 21 14 30 4 37 34 
15: 2 17 39 38 23 18 35 10 32 22 28 9 19 13 3 11 30 6 26 1 21 24 29 25 36 7 14 34 33 40 27 4 31 16 5 15 12 20 8 37 
16: 31 16 39 24 19 9 12 21 27 3 7 11 13 32 40 34 6 38 23 18 33 25 35 17 15 1 5 22 30 14 26 37 2 8 20 36 10 4 29 28 
17: 39 38 14 27 10 24 9 19 26 36 25 31 34 4 2 17 1 40 13 11 35 12 37 7 8 21 32 23 18 22 30 20 6 28 5 16 29 33 15 3 
18: 28 32 24 14 27 16 25 21 7 5 2 26 39 40 10 1 17 35 11 29 19 38 18 36 33 23 8 13 6 3 4 15 34 37 9 31 22 30 12 20 
19: 32 3 34 25 36 10 39 14 30 31 22 2 1 18 23 40 29 13 5 12 37 9 11 38 17 33 26 16 35 7 21 27 8 28 24 6 4 19 20 15 
20: 2 17 37 7 24 38 35 5 32 18 25 23 22 33 27 28 26 20 15 11 19 10 34 30 14 8 13 9 40 29 1 16 21 3 39 4 36 12 6 31 
21: 26 2 30 38 29 7 16 10 8 11 9 36 14 3 18 33 37 15 6 21 12 35 22 27 20 1 34 4 25 17 31 24 39 5 23 40 28 19 13 32 
22: 34 30 40 38 12 28 5 19 13 37 15 27 18 32 22 33 25 11 21 1 6 24 31 4 10 3 23 2 7 9 16 36 14 35 26 29 17 20 8 39 
23: 10 11 31 32 14 17 9 35 20 27 3 29 39 24 18 38 28 19 25 16 12 15 23 1 21 30 5 13 40 26 34 4 33 36 8 6 7 2 37 22 
24: 4 27 32 16 14 39 15 20 36 29 5 2 19 7 33 8 31 3 21 35 13 22 38 25 37 24 12 11 40 28 18 9 1 34 30 6 26 10 17 23 
25: 19 39 7 31 22 11 8 30 3 36 17 28 1 15 29 24 37 14 25 18 16 13 40 9 35 32 20 33 10 21 27 4 26 5 23 2 38 12 6 34 
26: 1 37 35 31 39 27 28 20 9 34 6 19 25 10 13 21 14 12 18 4 38 5 29 22 7 32 15 36 30 3 24 8 2 40 11 23 33 26 16 17 
27: 23 36 15 18 1 5 30 29 16 13 24 8 17 9 12 19 4 28 37 31 38 7 3 11 20 2 35 26 22 10 39 33 21 27 14 25 32 6 34 40 
28: 18 29 27 34 22 4 6 7 21 33 19 24 38 23 8 16 35 14 28 17 2 36 15 37 31 13 5 3 39 1 12 9 32 40 30 25 20 10 11 26 
29: 9 13 21 25 18 10 17 8 38 12 29 4 1 15 3 34 36 28 30 5 24 2 23 7 35 14 19 37 20 11 40 6 31 16 27 33 32 39 22 26 
30: 17 5 22 34 27 21 15 12 30 2 1 25 14 32 40 18 8 26 20 38 10 31 11 23 4 19 7 13 35 29 24 28 6 3 37 39 9 16 33 36 
31: 24 1 37 18 33 9 13 36 21 29 32 14 15 3 34 16 35 25 8 2 23 6 31 38 17 7 30 22 12 11 39 19 4 10 26 20 28 27 40 5 
32: 26 1 4 36 31 3 39 14 15 12 5 19 34 21 23 35 38 27 40 8 17 16 32 2 25 22 29 37 28 30 6 24 33 9 13 18 20 11 10 7 
33: 36 18 39 34 10 9 26 37 27 32 15 24 14 23 2 38 5 35 25 19 1 17 29 33 28 6 4 21 22 20 30 12 3 31 8 13 16 11 40 7 
34: 17 7 39 33 10 12 13 35 37 2 29 4 21 27 9 34 5 38 36 31 32 20 25 40 23 14 1 26 15 8 11 19 30 18 28 3 24 6 22 16 
35: 5 37 35 40 11 19 25 13 2 29 16 24 7 14 36 8 32 9 28 20 15 27 1 12 39 34 26 23 38 3 21 18 31 30 6 22 17 33 4 10 
36: 17 3 13 26 32 10 11 21 18 28 27 31 20 2 14 36 25 9 33 5 38 30 15 29 19 23 40 4 39 22 1 35 6 24 34 37 7 16 12 8 
37: 4 1 35 22 11 20 16 10 33 18 40 36 8 31 39 9 6 34 25 24 30 12 23 17 28 15 29 3 13 21 14 38 37 19 2 27 26 32 5 7 
38: 32 4 22 24 35 34 38 25 9 27 33 6 1 36 15 28 20 29 14 18 10 31 39 2 30 17 3 21 40 8 11 19 37 5 16 23 13 7 12 26 
39: 37 27 7 13 22 14 15 26 25 2 38 40 32 8 39 1 17 33 36 9 3 35 30 28 18 29 4 20 19 10 24 11 21 23 31 12 6 34 5 16 
40: 19 22 16 30 33 3 17 36 1 15 11 27 8 20 39 23 14 12 18 37 7 24 9 38 6 28 10 29 40 21 31 2 25 26 32 4 13 35 5 34 

1: 12 13 6 20 4 18 7 21 11 9 32 34 2 3 40 26 15 19 36 1 25 17 38 16 31 8 37 22 24 35 5 10 28 27 30 39 23 33 14 29 
2: 7 30 34 11 33 21 2 17 4 39 5 35 18 16 23 37 28 27 14 26 10 29 3 20 31 36 12 8 32 15 13 19 38 22 6 1 25 40 9 24 
3: 26 7 33 21 1 30 29 23 19 39 3 2 28 37 11 35 24 12 38 13 15 20 5 18 36 9 6 27 8 32 16 34 4 17 31 25 10 40 22 14 
4: 15 23 39 18 9 5 24 33 32 2 31 19 8 36 30 35 1 37 40 21 12 25 28 38 4 11 29 22 20 14 7 26 10 27 16 34 6 13 17 3 
5: 25 37 4 18 17 38 34 24 11 33 3 23 29 36 8 15 12 35 28 31 27 1 32 40 13 21 9 39 20 7 26 22 10 6 19 5 30 16 2 14 
6: 6 26 11 4 3 20 39 10 24 30 18 13 8 12 5 28 9 36 32 21 33 34 16 23 25 31 29 35 37 22 27 1 7 38 40 15 19 14 2 17 
7: 2 11 37 16 6 10 28 27 20 8 7 19 22 36 5 39 34 25 14 38 35 21 30 15 3 29 9 17 12 40 23 18 33 24 26 32 4 31 13 1 
8: 6 38 21 35 22 11 23 17 2 18 1 14 20 15 24 30 13 28 40 3 27 39 12 36 9 34 16 5 10 33 37 32 7 25 29 19 8 31 26 4 
9: 31 1 3 5 24 23 25 18 40 34 7 16 37 26 36 29 11 8 14 38 39 30 4 17 21 6 28 22 20 27 2 33 32 13 15 12 35 10 9 19 
10: 30 34 33 39 9 29 4 17 7 1 11 28 24 13 22 31 35 37 6 40 12 32 25 23 16 10 26 38 2 21 5 20 19 8 14 15 36 3 18 27 
11: 18 39 5 37 40 9 7 4 14 30 31 17 38 28 6 13 20 16 23 25 2 35 27 22 21 33 29 24 11 32 8 19 12 15 34 1 36 3 10 26 
12: 16 8 18 20 25 13 36 3 40 5 4 26 24 1 14 2 35 38 34 32 39 23 33 37 10 15 11 21 22 12 9 31 29 7 17 6 30 19 27 28 
13: 16 13 8 39 36 25 5 9 24 3 22 21 38 14 27 20 34 23 40 17 4 11 1 12 2 10 31 35 19 6 28 26 7 18 37 15 30 29 33 32 
14: 2 34 1 4 12 8 19 3 35 13 7 38 17 33 21 18 10 37 27 26 29 20 6 23 15 40 25 31 22 32 28 39 30 24 9 11 16 5 36 14 
15: 18 19 16 35 30 23 31 3 6 32 36 27 29 12 4 26 39 24 10 7 20 22 28 2 5 15 13 34 38 40 14 33 9 1 17 25 8 37 21 11 
16: 18 2 38 40 3 31 17 6 7 5 32 27 26 29 4 1 14 28 10 35 39 24 8 34 13 33 12 37 30 25 16 36 22 21 19 15 11 23 20 9 
17: 16 12 1 36 29 26 17 19 33 5 2 3 25 9 6 39 10 13 31 7 11 34 27 23 18 14 30 15 24 38 32 20 37 22 28 21 35 40 4 8 
18: 2 6 29 11 3 26 33 35 39 40 1 37 8 9 36 22 13 25 19 23 17 10 12 14 18 4 28 21 31 38 20 27 32 7 5 34 24 15 30 16 
19: 11 37 10 28 20 21 23 15 29 18 9 19 4 5 13 26 30 25 17 38 33 3 7 31 12 24 32 34 40 27 36 8 22 39 14 35 6 16 1 2 
20: 14 35 8 9 24 18 30 33 1 19 36 16 27 17 23 21 11 12 6 13 38 31 22 26 40 20 5 3 15 2 4 39 10 7 32 25 28 37 29 34 
21: 15 18 40 21 11 1 39 20 16 2 22 5 27 25 23 29 4 14 10 31 33 30 38 19 35 6 37 26 13 9 12 17 34 36 3 8 32 7 28 24 
22: 14 29 34 26 10 37 12 18 3 7 35 23 19 20 2 1 8 28 15 38 13 24 6 33 5 40 11 22 32 27 16 31 9 39 4 21 17 25 36 30 
23: 40 10 3 11 39 2 24 13 32 8 34 9 5 14 33 1 35 17 37 27 26 19 7 21 22 6 38 18 31 28 4 36 29 15 20 23 25 16 30 12 
24: 8 26 40 11 20 9 35 37 29 38 33 36 6 18 23 24 1 30 10 28 3 25 34 32 12 5 15 27 31 21 39 16 2 13 4 17 22 14 19 7 
25: 16 11 8 40 3 35 39 18 25 2 21 7 1 32 27 28 10 23 14 29 34 15 5 4 24 37 13 30 38 12 22 31 33 9 36 26 17 6 20 19 
26: 5 16 6 34 21 23 18 33 14 29 19 8 30 22 38 9 25 31 12 26 1 17 27 4 40 2 3 13 36 24 35 7 15 39 28 37 32 11 20 10 
27: 20 8 33 22 37 2 1 4 23 9 38 29 12 21 14 19 17 16 35 39 18 5 6 7 3 24 13 30 25 32 11 26 34 28 36 27 31 15 40 10 
28: 32 4 2 31 30 6 27 15 40 10 20 12 38 28 26 24 11 36 14 25 33 5 37 34 22 23 9 21 39 13 7 29 16 1 19 3 18 17 8 35 
29: 30 9 37 21 7 13 29 33 22 17 32 25 12 3 28 24 14 20 4 10 39 2 6 36 15 19 5 23 38 16 40 35 18 8 1 31 11 34 26 27 
30: 17 23 15 34 6 37 22 31 20 30 16 9 10 26 13 27 19 35 7 24 38 39 40 12 29 8 5 4 3 32 18 11 2 25 33 14 36 1 21 28 
31: 29 33 18 39 38 1 12 19 3 32 35 9 16 26 31 22 21 10 14 34 20 13 15 8 5 36 2 11 24 23 25 27 7 30 37 17 40 6 28 4 
32: 40 3 33 23 19 32 34 28 8 21 4 1 5 24 31 12 17 20 35 10 37 15 39 6 11 16 7 36 22 18 14 26 30 9 25 29 38 27 13 2 
33: 40 28 36 37 30 13 25 18 24 33 20 6 1 29 8 9 16 21 12 17 2 32 27 26 10 11 34 15 4 14 38 35 23 19 31 39 22 5 7 3 
34: 21 10 14 29 12 5 30 7 37 24 9 28 13 23 17 1 15 3 33 19 35 32 6 26 39 27 22 31 40 34 11 20 2 25 4 16 18 8 38 36 
35: 14 10 4 39 28 27 22 11 7 12 38 26 20 2 37 5 15 29 30 18 23 24 6 9 34 36 31 40 21 25 32 8 33 13 1 3 35 17 16 19 
36: 27 31 28 16 36 8 30 37 19 21 9 40 25 20 12 14 34 6 22 13 11 4 26 24 23 35 2 29 32 17 15 7 33 10 5 1 38 3 39 18 
37: 24 28 37 18 10 21 7 40 1 22 15 23 39 20 30 33 25 11 19 14 6 34 27 2 12 9 16 31 26 3 29 17 8 38 36 5 32 35 13 4 
38: 23 35 37 30 18 6 19 3 4 15 40 28 32 29 31 36 38 33 16 21 27 39 20 9 10 25 5 1 24 12 11 22 17 8 34 14 2 13 7 26 
39: 14 25 36 12 30 18 19 40 23 29 13 27 33 32 26 28 20 4 11 38 21 8 9 31 2 17 34 3 5 22 7 39 1 37 24 10 35 16 15 6 
40: 22 6 30 38 4 32 25 15 10 2 8 39 13 33 17 14 20 37 7 12 35 24 40 1 28 19 16 29 21 34 18 5 9 26 27 3 23 31 36 11 
