1: 20 2 11 13 10 12 18 16 8 5 15 17 4 7 6 19 3 1 9 14 
2: 9 12 19 14 10 15 13 4 18 6 16 8 3 11 5 20 2 17 7 1 
3: 12 2 14 19 7 11 1 5 16 15 3 10 20 8 17 6 18 13 4 9 
4: 12 11 10 7 5 14 6 9 18 4 13 1 19 3 8 2 20 15 16 17 
5: 11 3 2 16 19 10 12 6 14 8 20 7 13 15 17 1 18 9 5 4 
6: 11 7 4 17 3 1 14 19 20 6 12 2 8 9 10 18 16 15 13 5 
7: 8 17 7 9 15 4 13 20 10 2 19 1 3 11 12 14 5 16 6 18 
8: 13 11 15 4 12 16 3 9 2 10 7 14 17 19 8 20 18 1 6 5 
9: 13 17 3 5 1 15 14 16 4 10 20 11 2 18 9 6 19 8 7 12 
10: 17 11 4 19 15 16 13 10 5 12 3 6 2 20 7 18 14 1 9 8 
11: 15 17 1 2 6 5 9 18 16 10 13 8 11 19 4 7 3 12 20 14 
12: 8 6 4 15 14 17 16 3 10 2 7 19 18 20 1 9 5 13 12 11 
13: 15 3 14 9 10 6 16 17 5 8 18 19 4 12 20 2 1 13 11 7 
14: 11 15 2 14 19 3 17 10 13 18 12 9 8 16 5 4 7 6 1 20 
15: 5 9 2 1 16 12 17 18 11 7 4 15 10 13 14 8 19 20 6 3 
16: 4 6 20 7 16 17 5 13 12 19 1 3 8 9 18 10 15 11 2 14 
17: 8 13 11 1 5 15 3 4 20 12 10 17 16 19 2 6 9 18 14 7 
18: 15 5 16 18 3 19 12 4 14 2 7 9 8 6 1 17 10 11 20 13 
19: 6 18 10 9 12 5 7 8 2 20 17 14 15 16 19 1 13 11 4 3 
20: 4 2 8 18 3 14 6 15 19 10 7 17 9 1 11 16 20 13 5 12 

1: 12 10 8 2 14 11 18 9 1 13 20 5 7 6 4 3 19 16 17 15 
2: 7 14 10 11 17 5 20 18 2 12 6 9 4 16 19 13 1 8 3 15 
3: 10 19 9 5 4 16 6 15 7 12 18 2 3 13 8 14 1 17 20 11 
4: 9 5 2 1 16 19 10 13 4 6 14 12 11 20 15 18 3 17 8 7 
5: 2 20 1 16 19 7 11 8 15 10 4 18 17 3 9 14 6 5 12 13 
6: 18 1 7 9 3 10 19 13 17 6 8 14 12 11 4 15 2 5 16 20 
7: 20 2 17 16 6 4 14 5 13 9 15 8 7 19 12 11 18 1 3 10 
8: 14 17 12 18 4 10 8 7 11 2 6 1 15 13 5 20 19 3 9 16 
9: 5 13 17 18 7 12 9 15 19 6 11 8 3 10 4 1 16 2 14 20 
10: 19 13 12 6 7 9 11 15 1 17 20 18 14 16 8 4 10 5 2 3 
11: 12 16 10 5 13 11 20 14 17 4 3 15 8 19 9 18 1 6 2 7 
12: 11 7 4 2 8 20 1 14 6 5 15 19 10 13 18 16 12 17 9 3 
13: 18 11 5 9 14 19 3 20 16 7 15 10 8 6 13 12 4 2 17 1 
14: 18 13 1 4 12 5 16 17 3 6 10 15 19 11 2 9 14 7 20 8 
15: 19 13 9 1 2 18 10 5 16 15 20 11 4 17 6 3 12 14 8 7 
16: 20 3 14 19 17 2 5 9 4 13 18 11 10 12 16 1 8 6 15 7 
17: 4 17 12 5 3 9 19 8 15 1 14 2 6 11 20 18 16 10 13 7 
18: 10 4 11 8 9 17 15 3 14 13 7 2 5 20 12 1 16 6 18 19 
19: 10 14 2 19 15 11 6 12 3 16 4 18 5 13 17 8 7 9 20 1 
20: 14 8 19 18 20 5 2 1 13 17 4 3 12 7 6 10 9 16 15 11 
