1: 9 12 4 16 17 5 3 7 
2: 1 5 9 11 14 13 7 15 2 
3: 2 3 13 15 10 12 6 
4: 3 17 13 4 6 5 8 16 11 9 2 
5: 3 16 6 9 15 14 17 
6: 17 5 15 1 4 8 12 10 
7: 5 7 16 11 17 8 3 
8: 2 14 13 15 12 7 1 8 16 11 
9: 5 7 4 9 17 13 15 
10: 12 1 2 14 3 11 16 15 17 
11: 16 6 13 8 9 2 
12: 12 6 8 10 11 17 1 5 9 7 
13: 1 3 2 10 13 15 5 
14: 10 4 15 1 11 6 13 9 3 5 
15: 16 6 3 1 14 2 12 11 
16: 12 8 9 2 5 3 14 
17: 9 14 17 11 8 2 13 10 1 

1: 17 2 10 6 12 15 14 8 13 
2: 4 2 3 8 17 11 10 16 13 15 
3: 3 7 14 1 13 10 5 16 15 4 
4: 6 1 4 14 9 
5: 13 4 16 9 12 1 6 2 7 14 
6: 15 14 12 4 11 5 3 
7: 9 2 12 1 7 8 
8: 8 6 17 11 7 4 12 16 
9: 12 2 16 9 4 5 11 17 14 1 
10: 14 17 6 3 12 13 
11: 15 8 4 2 17 10 7 12 14 
12: 6 16 10 12 15 3 1 8 
13: 4 13 14 3 17 2 11 9 8 
14: 8 10 16 17 5 15 2 
15: 5 6 3 10 8 2 9 14 13 
16: 8 5 15 1 7 11 4 10 
17: 1 17 10 7 5 12 9 4 6 
