1: 11 25 19 9 22 21 6 23 2 26 18 16 20 
2: 25 18 17 5 12 7 21 14 6 26 19 22 20 
3: 17 1 24 18 3 12 14 23 9 21 20 8 7 15 
4: 1 12 16 14 5 27 7 13 2 3 11 10 19 
5: 14 9 3 26 8 12 24 16 19 20 18 23 22 17 6 10 
6: 8 4 3 21 27 1 13 17 16 19 5 22 26 18 14 20 
7: 1 12 17 5 13 23 22 11 20 16 6 8 14 21 
8: 13 1 7 9 6 3 25 8 16 11 26 
9: 8 13 23 21 27 6 25 4 15 10 24 5 26 1 16 
10: 23 7 27 3 4 1 21 11 8 16 15 17 14 22 2 13 
11: 23 17 19 9 8 7 3 20 27 22 11 
12: 22 13 25 23 17 18 15 21 20 6 16 1 7 5 26 
13: 12 19 21 25 2 6 5 9 11 20 22 
14: 18 21 10 20 3 22 23 17 4 13 11 
15: 9 3 15 6 10 27 23 25 8 24 13 14 16 5 
16: 27 20 15 17 9 13 12 21 19 8 16 3 4 18 
17: 10 8 18 2 24 26 12 5 16 11 19 7 6 1 21 3 14 
18: 15 20 9 17 19 1 11 3 10 7 26 4 5 6 
19: 22 13 9 18 20 7 8 27 19 1 14 2 16 
20: 5 4 7 16 1 24 9 11 20 3 6 
21: 14 11 8 23 6 3 16 24 5 19 12 21 4 7 
22: 12 14 16 11 20 10 3 18 7 22 15 2 26 8 9 25 6 21 19 
23: 4 2 9 5 26 3 15 
24: 9 23 21 22 16 1 4 8 15 27 6 12 14 19 11 18 7 
25: 26 23 7 21 3 10 2 20 5 13 11 19 25 
26: 22 10 7 20 1 2 11 3 26 5 8 15 24 16 
27: 23 2 24 11 10 4 8 3 20 27 21 25 

1: 18 12 26 8 6 24 7 4 20 9 19 17 3 10 
2: 1 4 13 23 25 26 19 27 10 17 22 
3: 21 22 8 4 23 3 27 14 5 25 26 10 15 6 11 17 18 16 20 
4: 23 9 24 16 21 27 10 18 20 6 14 
5: 15 4 26 23 18 21 13 20 9 2 12 7 17 25 6 
6: 2 15 5 20 18 7 12 22 24 13 9 21 1 8 17 
7: 17 19 12 4 25 3 22 8 20 18 21 11 26 24 2 10 
8: 26 11 9 15 6 10 7 22 16 19 3 8 24 21 5 17 27 
9: 3 18 16 13 20 5 23 1 8 19 11 15 24 22 
10: 9 27 18 25 17 14 26 5 15 22 4 
11: 4 18 24 17 10 8 27 22 25 21 14 1 20 7 13 11 26 
12: 17 2 22 4 5 24 3 13 21 16 7 
13: 14 9 12 4 16 19 15 25 7 6 10 8 
14: 7 24 4 19 21 5 2 22 3 17 15 10 6 
15: 12 16 3 18 23 26 24 15 9 22 10 
16: 22 7 26 10 4 19 15 8 16 1 20 21 17 6 24 12 9 5 
17: 3 14 5 10 18 16 11 6 7 2 12 
18: 12 2 3 24 17 16 5 19 22 6 1 14 
19: 17 1 22 13 19 5 6 2 24 21 11 25 4 18 16 
20: 6 2 19 20 3 13 22 11 27 26 7 14 5 12 16 18 25 1 
21: 17 24 10 1 9 7 6 27 12 3 16 22 25 13 2 21 14 
22: 14 11 6 24 13 1 26 2 5 10 12 7 22 19 
23: 11 9 12 21 14 7 25 5 3 15 27 1 10 24 
24: 21 20 15 26 9 27 5 17 3 
25: 13 9 12 15 2 27 22 25 8 1 
26: 18 22 2 9 17 25 5 23 1 12 26 8 6 
27: 11 10 6 16 19 9 27 4 24 15 
