1: 21 23 4 8 11 18 7 14 13 10 19 25 16 
2: 6 20 4 15 12 11 7 8 3 17 14 21 16 
3: 15 6 24 23 17 11 10 12 8 16 1 5 9 21 
4: 10 13 21 22 18 3 14 25 9 5 12 8 23 
5: 3 22 11 2 8 6 10 24 17 23 25 
6: 6 15 13 17 16 3 24 4 9 23 7 19 10 8 12 20 2 
7: 1 20 16 12 22 7 14 18 17 9 13 23 
8: 24 4 23 11 14 15 9 17 3 19 8 22 16 7 2 10 
9: 24 22 10 23 16 9 7 20 8 5 11 3 13 25 19 
10: 7 21 20 3 8 10 12 18 1 14 
11: 3 16 4 5 19 1 9 25 14 10 2 18 11 17 
12: 17 20 21 6 22 24 16 5 13 23 3 
13: 17 2 4 23 3 7 19 13 18 14 10 22 9 
14: 9 22 24 18 10 16 3 12 17 19 6 13 
15: 18 21 13 9 1 2 4 12 16 5 20 25 
16: 17 6 4 12 23 19 7 8 25 
17: 23 2 16 8 5 24 21 12 25 15 1 9 18 19 
18: 21 7 2 1 14 4 5 8 24 20 11 6 10 3 9 16 
19: 25 15 23 14 10 16 8 9 4 6 
20: 21 13 5 23 8 9 3 22 11 24 18 
21: 10 8 1 19 12 15 14 7 6 16 22 17 20 2 21 
22: 19 14 24 10 9 1 7 22 5 21 20 17 
23: 18 4 6 8 11 19 7 3 10 20 24 2 9 22 1 
24: 13 3 5 1 14 21 9 20 4 18 19 15 17 16 24 23 25 
25: 11 2 22 5 1 3 8 18 12 15 

1: 24 23 3 25 22 11 15 10 21 17 18 7 
2: 18 5 25 15 8 6 21 23 17 13 11 
3: 20 4 6 23 25 10 2 11 14 9 18 24 12 13 5 8 
4: 1 8 23 16 13 15 24 11 2 6 18 19 
5: 20 22 9 4 25 3 17 12 18 15 24 11 
6: 2 5 3 19 16 23 12 21 18 6 14 
7: 1 18 21 10 8 6 23 13 16 9 22 2 7 
8: 10 5 20 1 21 23 17 16 9 4 25 18 6 2 8 3 19 
9: 22 9 6 3 4 20 7 17 14 19 8 11 15 24 13 18 23 
10: 22 14 21 23 10 19 5 1 3 11 18 9 13 4 6 8 
11: 18 25 1 3 23 20 8 11 2 9 5 
12: 10 15 2 17 7 21 14 3 4 6 25 16 
13: 1 6 13 14 15 7 12 20 24 4 9 
14: 24 22 2 19 8 4 13 7 10 11 1 18 21 
15: 25 2 24 21 17 8 3 6 19 
16: 24 18 8 21 11 14 1 7 17 6 15 3 2 19 12 9 
17: 5 11 2 6 8 16 22 3 21 24 13 14 7 12 
18: 17 7 4 1 13 11 10 14 24 23 15 20 25 
19: 1 9 22 13 11 24 23 8 16 21 6 17 14 
20: 7 18 21 6 2 10 22 24 15 12 23 9 
21: 18 12 4 24 15 17 1 22 20 2 3 21 10 
22: 20 9 25 14 12 13 21 4 8 22 23 5 7 
23: 8 24 16 17 12 4 20 13 1 7 6 3 5 19 9 
24: 12 18 8 5 9 14 3 24 17 20 6 22 23 
25: 16 11 5 19 1 15 24 4 9 17 
