1: 10 3 2 7 4 1 9 
2: 18 3 11 16 13 14 12 
3: 16 12 3 11 13 5 15 10 17 6 
4: 11 18 10 16 13 2 12 4 1 17 9 
5: 12 3 15 13 9 16 7 8 1 14 5 11 2 
6: 5 1 8 17 16 3 4 14 9 13 
7: 3 17 7 1 16 18 2 12 9 8 10 11 6 
8: 5 11 14 15 6 7 13 
9: 17 14 12 8 5 13 16 
10: 12 17 11 13 14 18 10 15 3 2 
11: 4 9 8 18 14 
12: 12 10 5 9 4 2 17 6 15 
13: 12 13 3 7 11 16 2 4 10 6 
14: 18 11 2 6 14 12 10 9 5 3 16 
15: 8 2 15 5 7 4 18 16 17 
16: 12 17 3 1 8 2 11 4 18 6 16 10 13 
17: 13 1 8 14 3 16 11 10 
18: 6 16 1 13 12 5 

1: 5 16 6 4 18 7 17 1 
2: 16 15 14 7 5 1 12 10 4 13 
3: 2 17 16 3 7 1 6 5 14 10 13 
4: 4 11 13 16 12 1 6 15 
5: 3 12 15 9 14 6 18 5 8 
6: 7 3 13 16 14 12 18 8 
7: 7 13 8 5 1 15 
8: 11 7 5 15 9 17 6 16 
9: 11 4 6 14 5 7 1 12 
10: 17 12 7 16 14 3 1 4 10 13 
11: 16 2 14 10 5 8 7 3 13 17 4 
12: 13 18 10 9 4 7 14 12 3 5 16 2 
13: 13 9 10 6 8 2 17 4 16 3 5 18 
14: 6 9 14 5 17 2 10 11 8 
15: 5 12 3 8 10 15 
16: 14 2 16 4 7 18 13 17 9 3 6 15 5 
17: 15 7 4 12 3 9 10 16 6 
18: 15 2 11 7 14 16 4 10 
