1: 12 26 6 21 22 15 3 4 27 11 5 7 28 25 20 10 
2: 12 2 28 13 21 16 14 18 27 17 6 25 
3: 14 23 27 26 5 25 17 6 19 28 16 18 4 1 22 15 
4: 20 28 3 5 25 4 12 24 26 18 19 16 17 14 
5: 14 16 5 2 24 3 21 6 15 13 
6: 16 20 15 23 7 13 22 19 17 10 25 2 24 6 18 21 3 
7: 5 16 23 2 3 15 28 21 26 18 11 8 19 7 25 4 
8: 13 20 22 17 19 11 26 8 14 18 16 2 10 6 
9: 23 19 22 20 16 5 12 3 2 28 18 10 14 21 11 
10: 22 24 6 7 13 2 28 17 5 21 3 1 20 18 
11: 3 20 28 2 16 24 12 22 1 25 18 26 8 27 
12: 18 16 8 24 15 2 3 26 10 12 27 23 5 14 
13: 17 28 18 11 26 10 16 9 5 14 27 24 19 
14: 9 10 28 3 18 2 24 4 25 15 20 6 14 21 1 
15: 17 16 7 6 4 25 22 3 18 1 2 28 10 12 11 
16: 1 11 15 7 27 2 18 16 3 5 13 17 28 
17: 27 18 26 9 15 25 23 3 14 20 6 12 16 4 19 
18: 23 27 18 7 20 19 26 10 24 2 17 13 15 11 25 4 
19: 8 2 5 20 14 10 27 4 15 6 19 28 13 16 11 1 
20: 25 9 11 20 19 18 21 3 10 15 13 7 16 4 
21: 8 24 15 2 1 18 23 10 6 12 4 22 26 13 28 20 
22: 7 6 3 2 12 27 4 22 16 9 14 
23: 14 18 8 21 23 7 17 11 24 10 20 28 15 
24: 16 2 23 18 15 17 28 13 10 5 6 27 
25: 2 28 5 21 14 4 
26: 17 6 8 1 20 14 7 21 12 22 19 28 
27: 8 22 1 7 13 5 21 11 17 27 6 19 24 25 15 
28: 4 2 19 15 1 14 24 9 28 11 7 21 8 23 13 

1: 10 3 15 26 27 21 11 14 16 19 28 
2: 6 14 10 25 19 22 12 28 7 9 2 24 11 21 16 15 5 8 18 
3: 4 15 20 16 9 7 12 10 11 6 1 17 5 14 22 
4: 21 18 22 3 7 4 19 14 20 28 15 25 17 1 
5: 10 27 12 5 24 19 16 1 3 4 13 25 7 9 
6: 26 27 5 8 2 21 22 6 15 3 14 10 17 24 19 1 
7: 7 23 18 20 16 10 28 26 22 6 27 15 1 
8: 8 28 19 7 23 21 11 26 12 27 
9: 28 17 22 20 14 13 
10: 21 9 14 18 12 1 20 8 23 15 13 19 24 6 
11: 18 23 9 20 13 7 28 8 16 15 27 19 1 
12: 12 4 15 22 11 21 1 9 26 2 17 
13: 10 6 21 16 27 2 5 20 28 18 19 8 24 
14: 25 5 14 8 2 3 17 19 28 13 22 26 23 12 4 9 
15: 28 1 18 21 14 23 5 16 20 24 19 7 12 27 6 17 3 
16: 13 17 24 6 4 3 8 11 19 15 12 2 16 20 5 7 22 9 
17: 27 24 16 3 6 4 10 13 8 26 23 15 2 18 
18: 24 2 10 3 20 21 17 23 7 18 11 8 12 6 14 9 15 13 16 4 
19: 13 28 20 17 19 9 7 26 6 27 8 3 4 18 
20: 9 1 19 4 6 23 20 21 26 10 17 11 18 8 14 
21: 5 6 9 25 27 26 2 14 10 7 28 23 20 1 
22: 6 15 27 10 22 11 21 8 26 9 1 3 
23: 9 6 12 17 23 28 18 24 7 3 21 
24: 14 6 27 13 21 4 23 11 12 10 18 28 5 
25: 3 27 4 20 1 7 15 14 2 18 6 17 11 
26: 1 18 13 21 3 7 17 8 12 4 11 
27: 16 13 2 1 27 19 3 18 11 24 22 17 12 
28: 9 2 23 1 10 24 28 11 26 15 3 25 19 4 14 16 21 7 13 
