1: 23 24 13 3 22 10 2 21 
2: 22 14 23 17 27 29 5 18 12 8 3 28 16 15 30 6 
3: 16 12 28 29 21 24 19 25 18 17 13 10 2 6 1 3 
4: 3 22 4 27 23 12 24 1 6 19 30 11 20 7 
5: 14 9 30 11 2 1 21 10 28 7 
6: 26 24 9 16 22 1 11 28 14 25 27 3 21 2 7 20 17 
7: 4 25 1 17 24 9 29 28 15 26 19 14 10 
8: 29 25 17 24 12 4 5 23 19 13 18 22 7 14 8 10 6 28 16 
9: 3 27 13 15 9 22 6 14 23 25 21 20 
10: 28 4 26 9 7 15 21 2 29 19 25 27 1 23 10 5 
11: 25 6 5 27 12 23 2 10 13 8 7 
12: 12 14 9 21 5 22 20 30 16 18 26 4 7 17 24 28 1 29 27 
13: 24 13 18 5 23 4 25 19 14 16 6 21 3 22 
14: 9 18 4 25 13 19 14 5 23 16 12 15 17 20 11 10 3 7 6 29 21 26 
15: 14 23 25 12 26 9 20 22 16 7 15 13 24 27 8 29 19 17 18 
16: 9 1 6 14 12 7 5 17 27 21 20 15 3 13 11 19 26 
17: 5 4 22 2 27 14 1 11 15 24 20 13 8 3 6 17 
18: 1 26 4 28 11 5 17 6 9 25 14 7 30 21 29 3 2 23 
19: 26 30 22 28 23 7 25 14 10 12 13 21 20 4 17 15 
20: 3 27 18 26 25 20 14 29 11 28 23 7 22 12 
21: 16 29 12 15 9 7 6 25 2 3 17 24 
22: 20 28 6 24 23 27 14 18 9 29 30 7 
23: 5 28 16 8 3 30 21 19 13 27 25 14 10 
24: 24 5 17 11 4 14 23 28 26 21 8 25 20 18 16 
25: 9 2 4 13 14 11 15 25 1 21 22 7 30 
26: 1 28 27 24 6 5 22 18 10 7 20 9 2 23 3 16 30 
27: 9 18 28 27 11 30 26 22 7 17 
28: 26 19 21 8 30 18 23 29 2 9 20 27 
29: 22 13 16 12 2 28 7 26 23 14 4 15 17 29 10 5 8 
30: 22 17 21 8 3 2 1 12 10 6 7 18 25 13 11 20 29 

1: 25 12 17 6 16 18 4 10 26 30 7 3 5 
2: 18 1 6 17 11 30 21 29 26 10 28 25 3 5 
3: 30 20 17 9 21 6 2 3 26 23 18 16 4 14 13 1 
4: 25 17 18 4 19 14 10 29 7 13 24 8 12 
5: 12 2 17 24 14 8 26 29 18 23 13 16 11 10 
6: 2 17 26 21 3 13 4 18 22 9 30 16 11 8 14 
7: 14 19 30 21 4 25 8 22 26 11 29 15 6 5 12 16 18 10 27 20 
8: 17 8 15 23 2 28 11 29 30 24 
9: 15 9 14 28 18 16 10 5 26 12 27 7 6 22 25 21 
10: 1 19 26 23 11 29 3 7 14 8 30 5 10 
11: 25 6 17 5 27 16 20 14 24 4 18 30 
12: 16 12 8 15 2 3 4 21 29 30 14 11 19 20 
13: 15 30 9 19 1 3 13 8 17 23 25 14 11 29 16 
14: 15 19 8 14 17 29 24 22 25 2 16 13 6 7 18 5 23 12 9 20 
15: 29 2 21 16 10 25 17 19 14 9 7 15 
16: 6 23 29 3 21 14 8 2 13 24 12 15 26 
17: 14 19 17 2 15 24 29 12 16 27 3 7 18 8 6 21 30 
18: 26 28 24 12 3 30 20 27 15 2 8 13 14 22 
19: 3 4 28 14 16 15 7 13 8 23 10 
20: 15 26 4 28 30 9 19 6 17 24 14 16 12 22 20 
21: 5 12 28 14 16 24 23 19 1 3 30 13 6 18 25 9 10 
22: 2 15 26 17 13 20 19 12 25 4 27 29 8 1 30 9 6 
23: 26 2 11 19 20 4 1 29 15 13 18 24 9 10 8 14 22 28 
24: 8 1 12 4 6 7 3 24 17 15 22 21 26 13 
25: 24 7 23 6 19 10 15 20 25 13 3 9 8 30 14 21 11 18 
26: 29 14 27 6 19 18 15 7 16 20 24 28 10 12 
27: 11 22 26 4 17 10 20 2 12 23 9 15 27 28 16 6 
28: 18 7 23 29 20 3 26 12 6 27 22 5 2 19 10 8 24 
29: 29 7 12 30 8 21 15 22 3 14 10 18 2 28 20 
30: 27 22 2 18 26 28 25 12 5 4 19 23 
