1: 10 26 13 24 19 7 6 15 28 11 22 21 9 1 
2: 3 2 27 28 24 1 20 14 25 26 5 22 12 6 
3: 8 20 12 29 1 5 14 22 24 4 10 6 16 
4: 22 10 1 16 17 21 24 15 9 18 13 5 
5: 20 26 23 15 6 22 17 1 21 10 27 
6: 3 25 13 15 16 19 5 6 10 1 2 14 26 
7: 1 25 12 21 7 28 11 20 27 15 5 19 
8: 4 17 9 18 20 28 11 13 24 1 27 2 6 21 23 19 26 
9: 1 23 21 7 8 25 26 6 5 20 10 3 11 
10: 6 20 2 21 15 19 24 11 1 9 26 25 4 29 
11: 12 14 1 23 16 2 25 27 5 6 20 8 18 
12: 13 23 4 6 5 2 22 17 20 21 1 7 14 
13: 13 29 10 5 18 11 12 3 1 25 2 24 14 21 17 
14: 8 26 24 22 14 21 23 19 3 12 13 2 18 10 17 28 
15: 13 19 6 24 12 25 22 26 27 3 2 17 23 4 11 7 16 
16: 23 14 5 18 19 15 6 25 4 9 16 3 13 11 27 20 2 21 22 12 7 
17: 9 18 16 8 11 25 10 22 21 24 26 1 17 27 23 12 29 19 15 2 
18: 16 25 10 27 18 29 28 9 21 8 15 11 1 22 26 
19: 14 28 8 19 5 11 4 15 9 27 21 3 29 12 26 23 1 18 17 16 
20: 4 2 16 1 18 5 
21: 20 14 18 2 10 3 1 23 27 26 21 4 
22: 28 7 27 16 10 2 6 5 9 1 15 4 20 19 23 
23: 16 9 23 13 4 25 3 28 27 14 26 
24: 22 2 9 6 3 18 13 11 28 20 29 24 15 
25: 27 9 5 11 25 15 14 23 3 29 16 10 24 22 7 26 13 17 8 20 
26: 25 1 23 29 8 22 14 26 15 10 2 11 20 7 28 
27: 15 23 13 21 11 19 26 27 8 4 28 16 14 29 12 2 20 
28: 26 8 18 17 14 7 2 15 20 9 22 21 11 19 
29: 10 14 23 2 28 27 25 8 26 5 9 

1: 19 18 21 6 4 13 17 10 2 22 9 12 7 3 5 1 11 20 8 26 
2: 2 8 28 12 26 29 6 10 27 13 20 24 16 17 11 22 15 14 21 
3: 14 19 6 2 9 23 16 24 15 25 13 21 
4: 12 16 20 15 3 23 27 22 21 19 8 10 
5: 22 3 7 13 4 11 9 6 29 2 25 16 20 19 12 
6: 12 11 9 6 3 2 15 24 5 8 22 1 16 10 
7: 16 12 28 26 9 22 25 15 7 1 
8: 28 3 19 18 9 25 11 27 29 17 26 14 
9: 1 17 18 29 8 10 24 16 4 22 23 25 19 28 
10: 1 26 25 13 18 21 3 5 4 14 22 17 6 29 9 
11: 7 16 9 28 27 24 18 13 15 17 25 8 1 19 10 26 
12: 3 17 2 16 14 19 27 13 11 7 15 
13: 24 8 6 1 23 4 14 13 15 12 16 27 25 
14: 2 27 28 26 16 19 13 25 6 23 21 29 11 12 14 3 
15: 22 6 1 25 10 16 7 4 19 27 26 24 5 17 28 18 
16: 23 18 3 16 27 19 4 25 6 11 22 20 17 15 
17: 17 15 5 14 8 12 28 25 19 13 4 
18: 11 19 28 18 4 24 20 21 14 17 16 8 13 
19: 1 15 17 8 22 19 27 10 28 16 7 14 6 
20: 22 5 25 9 28 24 21 16 8 7 3 27 12 26 2 10 11 
21: 9 19 7 18 4 8 13 21 5 10 16 12 27 17 1 28 14 
22: 2 28 5 17 15 3 16 26 12 24 25 14 4 18 1 
23: 17 14 29 8 19 25 5 26 9 22 11 12 27 16 21 15 23 
24: 24 2 10 13 3 14 25 17 15 8 4 1 
25: 2 17 23 26 29 11 10 7 16 15 13 18 6 25 9 
26: 2 5 29 14 17 18 25 1 23 28 9 26 27 10 6 19 21 15 8 
27: 8 2 7 25 21 22 11 18 16 15 29 5 27 19 23 17 
28: 27 29 18 8 2 19 23 1 14 22 7 24 26 
29: 25 18 10 26 24 3 13 17 27 19 
