1: 1 4 12 2 5 8 7 3 13 
2: 2 7 14 12 5 11 8 1 3 
3: 6 12 2 7 3 13 
4: 14 2 1 4 5 11 8 
5: 8 12 13 3 14 4 10 7 2 9 
6: 12 2 9 3 14 7 
7: 4 8 14 7 10 12 
8: 1 3 14 4 8 6 
9: 2 1 3 13 9 5 4 11 
10: 4 10 11 13 9 6 5 
11: 4 3 13 11 1 2 10 8 
12: 11 5 13 
13: 14 8 5 9 1 10 3 4 7 
14: 9 10 1 11 6 14 7 12 

1: 4 9 8 14 1 2 11 13 
2: 1 2 6 5 9 3 11 4 
3: 1 13 11 6 9 5 8 2 3 
4: 4 9 13 11 5 10 1 7 8 
5: 4 9 13 12 1 2 10 
6: 14 3 8 10 
7: 7 14 3 13 6 1 2 5 
8: 13 5 2 7 1 4 8 11 
9: 10 5 6 9 13 14 
10: 14 11 5 10 13 7 
11: 14 2 4 11 12 10 9 
12: 7 5 3 2 6 1 14 
13: 12 11 1 9 10 5 3 
14: 7 5 14 6 8 4 13 2 
