1: 17 11 3 2 9 20 13 19 8 
2: 12 10 3 4 9 1 15 13 16 18 2 
3: 17 4 18 12 9 6 10 5 8 14 
4: 9 1 17 14 13 15 10 11 8 2 20 
5: 2 6 3 13 7 1 5 4 9 17 20 12 
6: 14 6 7 15 12 8 16 2 3 11 17 20 13 
7: 7 12 1 5 16 9 6 4 2 10 15 14 
8: 9 3 8 13 15 2 4 11 19 
9: 12 18 10 11 5 14 9 16 19 13 7 15 1 
10: 5 7 2 3 10 11 18 20 6 8 12 
11: 6 10 14 13 11 7 5 3 12 18 19 8 
12: 5 11 7 1 15 9 20 14 13 
13: 14 13 18 2 7 3 10 5 9 16 6 15 4 
14: 15 3 9 2 11 18 17 13 4 8 
15: 6 8 9 15 16 5 2 1 18 
16: 7 20 2 5 17 12 8 1 
17: 5 2 19 10 3 13 1 11 6 16 
18: 13 16 19 5 9 10 2 6 1 11 14 18 12 
19: 19 7 12 18 2 16 13 3 10 5 11 6 
20: 7 2 1 16 17 10 3 20 14 9 12 13 

1: 2 20 17 9 15 18 4 12 7 16 5 
2: 17 16 1 5 7 15 13 19 8 4 14 2 6 18 10 20 
3: 6 5 10 20 17 11 19 8 14 13 2 1 
4: 3 5 14 8 7 13 2 
5: 7 13 10 12 16 18 17 11 9 15 19 5 3 
6: 5 3 13 19 7 17 11 10 6 18 15 
7: 10 13 12 19 11 16 6 5 20 9 7 
8: 16 1 15 11 3 8 6 14 4 10 
9: 13 7 14 4 18 15 5 8 9 1 3 2 20 12 
10: 19 7 17 18 3 13 20 10 9 2 4 11 
11: 19 12 1 14 9 8 17 18 6 10 4 11 
12: 11 19 18 7 5 3 16 9 20 2 6 10 
13: 19 1 17 2 11 14 18 12 20 13 5 4 9 8 6 
14: 7 3 9 12 18 13 11 4 6 20 
15: 13 12 8 15 4 6 2 9 14 7 
16: 17 18 19 20 7 15 6 13 2 9 
17: 5 6 1 20 4 14 3 16 
18: 15 19 14 18 9 13 10 11 2 3 
19: 1 8 18 11 9 19 17 
20: 5 1 10 12 4 16 20 6 
