1: 19 24 3 7 20 13 10 5 21 
2: 7 6 23 16 5 14 13 9 1 2 19 15 
3: 8 5 11 18 7 6 22 4 12 2 
4: 12 2 16 10 22 15 21 3 14 18 1 7 23 11 
5: 18 13 20 23 11 24 12 4 2 21 9 
6: 13 21 11 20 4 1 14 24 7 
7: 14 7 23 24 18 21 15 11 13 16 8 
8: 22 3 2 17 23 10 21 11 13 20 6 9 8 24 4 18 
9: 5 17 8 6 12 21 9 14 4 20 1 24 18 
10: 20 2 8 15 3 18 24 6 16 19 
11: 13 4 21 7 10 5 9 24 19 3 23 
12: 3 6 23 18 11 7 9 17 13 
13: 3 20 7 10 22 17 6 
14: 5 22 19 17 8 7 13 21 15 
15: 12 5 6 10 24 23 13 7 3 22 9 
16: 24 17 19 14 18 3 23 10 21 1 11 15 
17: 19 17 9 11 21 12 23 6 14 
18: 14 18 12 6 2 4 
19: 2 21 11 20 8 3 24 17 13 18 12 14 
20: 22 19 11 17 5 4 21 3 7 10 9 6 13 12 
21: 13 7 4 10 8 15 24 14 5 6 16 3 11 
22: 21 9 14 10 4 19 17 12 2 13 23 
23: 24 21 4 13 20 12 3 6 
24: 19 11 15 6 7 24 13 23 10 4 

1: 6 9 16 2 4 
2: 10 8 18 3 2 22 19 4 5 
3: 8 13 20 10 4 21 16 23 19 11 1 12 15 
4: 3 21 20 18 6 8 24 5 9 23 11 22 
5: 2 21 1 15 14 11 9 20 3 
6: 9 8 20 15 10 3 18 24 21 12 2 23 17 13 
7: 11 6 3 14 24 20 15 12 4 7 1 13 21 2 
8: 19 3 9 7 8 10 14 21 
9: 5 20 9 11 15 17 22 2 8 12 
10: 1 4 11 20 13 8 24 22 16 21 15 
11: 12 17 3 5 19 20 16 7 6 24 21 4 8 
12: 9 3 15 5 23 22 4 20 17 19 18 
13: 22 7 21 23 19 11 15 24 20 5 8 1 2 14 12 6 
14: 2 9 16 17 19 21 22 18 7 4 6 
15: 24 10 14 2 21 16 4 7 
16: 21 4 10 7 2 
17: 19 9 14 17 20 12 22 16 8 13 
18: 4 7 5 3 18 10 8 12 16 9 19 
19: 24 14 17 20 11 16 10 2 1 22 
20: 10 13 1 23 9 6 19 5 8 
21: 22 16 19 5 7 9 8 17 14 1 6 20 23 4 11 
22: 13 8 20 4 14 15 3 
23: 22 17 8 12 15 2 5 24 11 4 16 7 
24: 9 16 24 7 6 21 23 8 1 11 19 15 5 10 
