1: 20 6 2 7 16 8 15 4 
2: 6 22 14 1 8 9 15 16 18 13 19 12 
3: 5 13 8 12 17 7 11 21 16 
4: 7 4 5 9 10 12 13 21 19 
5: 22 2 1 16 13 6 8 5 3 9 11 7 
6: 1 10 21 11 4 3 22 19 20 14 16 7 
7: 1 8 9 2 5 22 6 20 
8: 10 3 9 17 15 5 12 8 13 16 6 2 
9: 14 10 20 4 12 1 11 7 19 
10: 22 11 21 12 14 9 16 15 4 18 7 
11: 12 14 19 15 11 1 13 7 22 
12: 3 22 17 10 2 6 9 
13: 17 14 11 5 13 15 12 4 
14: 10 18 13 17 15 14 21 11 16 22 7 3 19 1 20 
15: 6 3 14 1 18 8 10 12 22 4 13 11 
16: 11 9 2 1 19 3 18 21 7 
17: 2 16 7 12 6 21 10 13 9 14 
18: 10 3 7 8 2 22 14 9 4 
19: 9 21 10 5 3 14 12 19 7 16 17 1 13 
20: 22 3 4 13 9 2 5 15 8 10 
21: 19 20 15 17 2 10 13 5 14 
22: 16 11 9 6 13 1 18 14 15 

1: 9 6 5 2 7 19 22 14 16 11 15 
2: 12 1 5 8 20 21 18 17 7 16 
3: 16 19 18 20 14 5 8 6 12 15 
4: 6 9 20 1 15 10 18 4 13 
5: 8 4 5 19 21 3 20 13 7 
6: 22 5 17 7 8 12 1 2 15 
7: 4 10 3 17 6 9 5 11 14 19 16 1 18 
8: 5 2 7 20 15 8 1 3 18 
9: 19 16 22 4 10 8 5 17 18 12 7 2 20 
10: 9 15 17 4 8 14 12 19 18 21 20 6 
11: 9 13 15 16 10 11 3 5 22 14 6 
12: 8 19 3 10 4 17 9 11 13 2 15 
13: 19 21 14 3 20 15 4 5 17 11 13 2 8 22 
14: 2 10 19 15 21 11 14 18 17 6 9 22 13 
15: 2 22 20 21 10 8 11 14 13 1 
16: 5 6 2 19 1 3 17 10 14 22 8 
17: 3 8 13 21 12 19 14 
18: 14 2 22 10 15 16 
19: 11 19 16 4 6 14 9 2 21 
20: 21 6 9 14 7 1 
21: 14 4 6 19 17 10 16 3 
22: 2 20 6 18 7 12 5 15 10 11 14 
