1: 13 6 11 4 12 8 9 1 3 
2: 13 12 15 8 1 11 
3: 8 9 4 2 7 
4: 12 1 15 3 5 2 8 14 9 
5: 15 3 5 8 12 1 4 10 
6: 11 12 1 8 4 10 9 14 5 2 
7: 14 5 3 6 8 12 10 2 1 9 
8: 11 14 10 13 3 7 9 6 5 1 15 
9: 1 8 10 4 12 13 2 6 11 5 
10: 8 15 11 2 7 14 
11: 6 9 7 11 12 8 14 
12: 10 2 14 3 
13: 7 3 14 10 6 
14: 13 5 2 10 4 9 
15: 9 12 7 6 3 1 8 

1: 6 15 5 8 1 7 9 2 4 
2: 6 14 12 9 7 3 10 4 
3: 13 8 7 12 1 5 4 15 
4: 9 14 3 6 5 1 
5: 4 8 5 14 9 6 7 
6: 1 11 15 13 8 9 7 
7: 10 8 3 13 11 15 
8: 7 11 10 2 9 15 1 4 6 3 5 
9: 4 8 14 1 11 7 3 15 6 
10: 13 6 8 14 9 7 12 5 
11: 1 11 8 2 6 10 9 
12: 2 4 5 9 6 15 7 11 1 
13: 8 1 2 9 14 
14: 6 12 4 8 7 13 10 11 
15: 4 8 10 2 5 
