1: 20 19 16 26 12 13 8 7 
2: 4 8 12 24 6 15 3 1 11 20 7 17 
3: 5 7 23 21 17 2 11 10 16 9 3 1 14 4 
4: 12 22 16 19 4 7 17 23 1 14 9 10 13 
5: 21 26 14 7 15 10 9 22 18 2 
6: 25 2 19 12 10 13 6 4 5 8 18 15 16 23 24 
7: 10 3 17 8 25 23 1 15 24 7 6 
8: 3 17 12 24 5 22 1 13 10 11 21 8 6 20 4 
9: 14 22 16 3 23 1 19 4 17 25 26 18 15 
10: 23 15 25 18 1 19 8 6 2 10 17 21 22 20 16 
11: 13 16 24 4 2 22 15 25 3 9 21 6 20 
12: 5 17 11 22 24 3 26 4 7 21 20 
13: 17 13 9 2 25 11 20 18 21 15 12 
14: 14 5 6 19 17 7 3 20 18 10 1 22 
15: 24 8 13 3 18 25 6 
16: 3 1 26 22 14 23 9 5 25 2 8 24 17 13 10 
17: 12 4 17 25 10 1 15 16 21 22 19 24 14 13 
18: 10 12 17 9 11 20 25 6 1 13 18 
19: 19 17 3 13 15 25 12 1 7 22 2 10 
20: 3 23 6 4 14 18 26 22 10 13 5 
21: 16 18 5 24 14 6 13 8 25 20 26 4 12 3 11 
22: 5 26 8 3 9 15 22 18 17 4 
23: 7 19 11 1 6 22 18 23 15 4 
24: 22 14 1 11 7 8 26 25 24 23 9 17 21 
25: 5 23 10 26 6 16 18 17 12 13 20 9 11 2 24 4 
26: 1 10 26 9 6 11 23 5 20 3 25 15 7 16 24 12 

1: 7 16 10 23 8 17 14 4 26 18 9 19 3 2 24 
2: 25 13 16 11 19 3 6 10 5 
3: 14 15 9 16 22 20 8 7 12 3 11 26 19 21 2 
4: 22 2 21 3 23 11 4 6 8 17 25 9 20 12 
5: 16 21 6 22 26 20 8 3 14 12 25 
6: 25 10 14 11 15 8 7 2 20 21 6 23 18 26 
7: 2 24 23 19 14 26 4 3 1 12 7 5 
8: 16 15 24 7 8 2 22 1 21 10 6 
9: 11 25 5 4 16 24 3 13 26 18 22 
10: 25 7 26 5 6 19 4 14 3 8 18 16 10 20 17 
11: 13 24 2 12 18 25 3 8 23 21 26 
12: 21 8 17 25 18 13 19 2 26 1 4 6 
13: 13 4 16 15 21 11 1 17 8 18 19 25 20 6 
14: 17 14 16 9 20 3 5 4 21 24 
15: 13 6 19 10 11 17 23 26 5 22 7 9 2 
16: 10 11 3 26 21 1 6 25 4 9 17 
17: 14 16 22 7 25 19 12 17 4 3 10 18 8 2 13 9 24 
18: 20 5 22 14 6 18 23 15 25 13 10 21 9 
19: 1 6 23 9 17 4 14 19 10 
20: 11 12 8 10 18 26 25 14 1 13 21 2 
21: 8 11 12 24 10 5 17 13 3 
22: 11 16 20 9 10 8 14 17 24 19 12 4 5 22 23 
23: 26 25 6 3 23 10 4 16 9 20 7 24 
24: 12 16 15 7 24 2 25 6 11 17 26 8 21 
25: 15 19 16 6 13 10 11 21 18 26 17 24 7 9 
26: 22 20 21 25 9 24 12 5 16 1 26 
