1: 2 6 12 5 1 
2: 3 11 13 15 10 9 
3: 13 14 2 6 7 8 10 16 1 9 
4: 15 12 3 7 14 8 13 2 
5: 13 5 6 14 3 4 
6: 12 13 9 6 16 1 3 10 11 15 
7: 8 13 7 6 2 5 1 16 11 10 
8: 13 2 6 
9: 15 7 6 4 14 16 11 
10: 8 14 5 15 11 13 7 16 3 9 10 
11: 1 15 2 13 8 10 3 11 12 
12: 6 2 3 14 1 7 4 12 
13: 1 4 12 6 14 16 
14: 6 12 2 7 1 9 8 14 
15: 3 8 11 10 
16: 8 6 4 13 10 7 12 

1: 13 12 7 1 6 3 14 11 
2: 3 4 7 11 14 1 8 12 
3: 6 11 4 12 5 10 15 2 
4: 13 5 16 9 12 
5: 1 10 7 5 
6: 3 16 7 9 13 6 1 5 14 8 12 
7: 14 4 3 12 7 10 9 16 
8: 14 3 10 7 11 16 4 15 
9: 6 3 10 2 14 
10: 3 10 16 11 15 6 7 2 
11: 7 9 15 2 10 11 6 
12: 12 11 14 1 6 4 13 16 
13: 4 7 3 2 11 16 8 6 10 5 
14: 3 9 4 13 5 10 12 14 
15: 9 6 10 4 2 11 
16: 10 13 6 3 7 9 
