1: 16 18 19 7 15 1 12 10 21 9 5 
2: 18 2 15 7 20 6 4 11 1 14 19 
3: 20 4 19 17 18 8 11 
4: 5 10 20 11 4 12 14 2 17 
5: 2 7 10 12 1 14 13 19 16 11 
6: 6 10 18 3 2 14 19 4 1 16 
7: 7 6 21 9 8 3 16 10 19 12 
8: 13 12 7 17 10 21 18 15 20 
9: 9 15 18 8 17 20 3 1 14 7 19 12 6 
10: 15 5 9 4 16 19 14 8 10 1 21 11 
11: 8 3 11 18 21 10 4 13 20 5 19 
12: 10 20 16 17 6 12 18 
13: 6 16 10 19 1 17 15 4 14 7 20 3 9 
14: 4 2 12 18 20 6 17 1 16 13 
15: 10 18 4 16 3 8 6 17 5 19 13 
16: 8 5 9 6 20 11 16 
17: 6 5 8 16 20 18 4 1 17 11 10 
18: 3 16 13 7 2 12 19 
19: 12 4 15 8 18 20 10 13 14 2 
20: 4 3 19 20 10 6 1 11 2 14 18 7 13 5 
21: 11 6 18 4 20 9 21 12 19 15 1 5 

1: 21 17 1 9 14 10 5 6 13 2 20 
2: 20 18 19 5 2 6 4 14 
3: 11 7 18 6 15 13 9 20 
4: 21 20 2 19 11 13 17 4 15 3 14 6 10 
5: 1 21 16 17 10 4 15 11 20 
6: 13 15 16 9 12 21 17 14 2 20 6 7 
7: 2 5 13 18 20 9 7 1 8 
8: 9 15 3 16 10 7 17 11 19 
9: 1 16 13 7 21 10 9 
10: 15 1 12 6 8 13 7 17 5 4 20 19 10 11 
11: 21 2 20 16 3 5 4 10 17 11 
12: 5 12 8 9 1 7 21 14 4 19 18 
13: 8 5 11 15 19 18 14 20 
14: 20 9 6 4 19 2 5 10 13 
15: 21 1 9 10 8 13 2 19 
16: 13 6 18 10 15 17 16 12 7 5 1 14 
17: 13 3 15 9 14 8 17 4 12 
18: 19 8 14 2 11 21 6 17 1 9 12 20 15 3 
19: 5 18 9 10 6 15 1 3 7 21 13 20 11 2 
20: 11 12 2 8 13 20 19 14 17 3 4 9 21 16 
21: 8 21 7 1 11 10 
