1: 9 6 15 8 2 1 10 20 11 5 
2: 18 2 22 10 3 9 16 17 15 6 7 
3: 1 7 13 11 12 18 6 19 23 3 8 16 17 22 5 
4: 20 16 17 15 22 8 1 19 21 11 5 12 9 14 6 
5: 19 20 2 7 12 
6: 15 19 9 18 6 23 14 16 
7: 8 1 14 20 4 18 9 19 12 16 13 22 
8: 9 19 5 15 8 20 10 7 12 
9: 3 2 13 5 15 16 11 23 21 10 6 19 20 
10: 11 12 23 3 6 14 2 9 
11: 8 5 13 3 20 11 21 19 2 6 14 
12: 1 23 21 11 12 5 3 2 18 19 14 16 20 13 17 
13: 19 23 10 3 5 21 22 14 
14: 5 16 22 21 19 4 6 10 8 15 9 1 11 
15: 19 15 3 13 5 7 17 16 12 1 8 2 10 14 23 
16: 14 7 19 17 15 4 20 5 18 13 16 11 9 
17: 22 7 19 14 1 17 5 20 3 23 
18: 2 10 11 9 6 8 20 5 7 3 
19: 19 15 22 5 21 14 3 12 8 6 13 11 
20: 13 15 22 20 6 4 12 7 11 16 21 3 8 10 5 
21: 5 17 4 19 3 16 8 10 6 23 
22: 23 6 20 22 14 3 1 7 15 9 19 11 
23: 15 17 14 18 3 7 6 

1: 14 7 12 17 22 1 4 15 3 
2: 15 18 1 2 11 10 5 12 9 
3: 3 10 22 15 13 19 12 17 23 21 2 11 9 18 20 
4: 7 16 20 14 21 
5: 13 11 20 9 8 21 14 4 3 15 17 12 18 1 19 16 
6: 11 6 22 4 20 23 10 3 2 19 21 14 18 9 1 
7: 3 5 2 20 15 23 18 8 17 22 16 
8: 11 14 1 20 4 3 18 21 8 7 19 15 
9: 1 7 8 10 14 6 18 16 4 22 2 
10: 15 9 18 20 13 1 14 21 2 8 
11: 19 18 4 20 16 12 3 11 22 10 9 14 1 
12: 4 19 7 8 10 5 15 3 20 12 
13: 7 11 20 15 12 9 3 19 16 
14: 11 7 23 16 10 4 6 19 22 12 15 13 17 
15: 2 6 14 19 20 1 22 16 8 9 15 4 23 
16: 2 20 4 14 9 21 16 3 7 15 12 6 
17: 21 23 12 3 2 4 15 16 17 
18: 2 7 3 23 6 12 16 
19: 8 17 21 16 9 22 3 19 4 11 12 14 7 5 13 6 15 
20: 16 11 9 5 22 1 8 20 12 7 17 18 4 
21: 4 9 11 20 19 13 12 14 
22: 14 19 20 7 13 3 4 17 22 2 
23: 17 6 15 3 10 13 9 22 12 21 
