1: 13 5 14 7 16 4 10 19 11 15 8 
2: 15 14 7 4 17 6 12 1 19 9 2 11 18 8 
3: 7 2 19 5 18 6 9 14 12 10 3 4 
4: 14 15 5 1 18 6 4 
5: 8 12 14 11 9 13 3 19 6 
6: 8 17 7 15 1 16 12 4 13 
7: 3 12 8 10 4 14 18 6 11 17 1 7 5 
8: 14 4 16 5 10 2 1 3 7 18 
9: 8 18 13 11 19 9 2 1 17 
10: 10 4 17 2 15 5 8 1 6 
11: 2 4 16 15 6 7 11 19 5 
12: 10 5 9 15 2 19 14 3 8 1 18 16 7 4 12 6 
13: 5 18 6 2 8 17 19 11 9 15 
14: 8 14 2 12 7 10 9 4 11 17 18 3 
15: 6 14 8 10 16 13 7 4 11 
16: 6 11 19 2 1 9 3 7 15 17 10 
17: 3 7 13 11 1 14 19 18 8 5 
18: 13 1 5 10 2 19 8 17 18 
19: 15 5 2 13 12 6 19 18 1 

1: 10 8 9 16 7 12 18 2 6 17 4 19 
2: 11 10 9 13 14 18 16 3 2 12 19 8 
3: 8 16 5 7 3 17 14 12 
4: 1 6 11 15 2 14 4 3 7 10 8 12 
5: 19 1 12 8 4 13 11 17 3 10 7 18 
6: 4 12 7 11 3 19 2 10 15 5 13 16 
7: 16 7 12 8 15 17 11 14 1 2 6 3 
8: 13 9 10 2 12 17 6 7 15 18 1 5 14 
9: 13 12 5 3 16 9 2 14 
10: 12 8 15 1 16 10 7 18 14 3 
11: 16 1 17 7 9 15 11 14 13 2 5 
12: 2 7 5 14 3 19 6 12 
13: 5 15 19 18 17 1 9 6 
14: 3 15 5 4 14 8 2 7 12 1 17 
15: 16 10 12 6 19 11 2 13 1 4 
16: 11 8 1 12 15 6 
17: 7 2 6 16 14 10 9 13 18 
18: 19 14 13 8 2 9 12 17 18 4 3 7 
19: 17 1 11 9 18 12 3 5 2 16 13 19 
