1: 6 5 2 9 3 4 10 1 8 7 11 
2: 4 7 2 3 5 1 10 9 8 6 11 
3: 4 1 3 7 8 11 6 2 5 9 10 
4: 2 4 7 1 3 9 11 6 8 10 5 
5: 5 3 2 7 8 6 4 1 9 11 10 
6: 10 6 7 2 4 5 3 11 8 9 1 
7: 8 11 4 3 6 5 9 10 7 2 1 
8: 1 10 3 11 5 7 2 6 9 4 8 
9: 4 9 3 5 2 1 8 7 11 10 6 
10: 9 3 2 6 8 11 4 5 7 10 1 
11: 1 5 9 10 3 6 8 4 11 2 7 

1: 4 9 11 3 5 10 7 1 8 2 6 
2: 11 1 3 9 6 2 10 5 4 7 8 
3: 5 11 7 9 4 1 3 2 10 8 6 
4: 10 6 3 8 11 9 7 4 2 1 5 
5: 5 1 11 10 8 6 3 2 7 4 9 
6: 2 4 8 9 5 10 7 6 11 1 3 
7: 11 7 3 5 6 10 2 9 8 1 4 
8: 10 1 6 5 2 11 9 4 3 8 7 
9: 1 4 11 3 9 10 7 5 6 2 8 
10: 6 2 1 4 10 3 5 9 11 7 8 
11: 11 9 4 5 3 10 2 6 8 7 1 
