1: ( 4 10 ) ( 1 7 8 ) ( 11 5 12 ) 
2: ( 13 1 10 4 11 2 ) 
3: ( 9 11 ) ( 5 13 8 ) 
4: ( 12 13 3 6 ) 
5: 10 ( 4 5 ) ( 12 6 9 11 ) 
6: ( 12 6 ) 1 ( 9 13 ) 7 
7: ( 1 7 10 ) ( 9 2 6 ) 
8: 12 ( 8 6 1 7 13 ) 
9: 1 3 ( 11 13 12 ) 
10: ( 1 6 8 ) ( 12 4 7 ) 2 13 
11: ( 13 10 2 6 ) 
12: ( 4 9 ) ( 2 1 ) 7 
13: 4 11 ( 9 10 7 ) 3 8 

1: ( 8 7 ) 9 12 ( 2 1 ) 6 10 
2: ( 12 11 ) ( 7 2 ) 10 
3: 13 ( 9 4 ) 
4: 2 ( 1 10 5 13 ) 12 
5: ( 1 5 3 ) 
6: ( 8 5 4 7 6 11 ) 10 
7: ( 7 6 8 12 10 13 1 ) 
8: ( 1 3 8 13 10 ) 
9: 12 5 3 ( 7 13 6 ) 
10: 1 ( 11 2 13 ) 5 7 
11: 3 ( 9 5 ) ( 2 13 ) 1 
12: 10 ( 6 1 5 9 ) ( 8 4 ) 
13: ( 2 8 10 ) ( 6 4 3 11 ) 9 
