1: ( 10 11 5 8 4 7 ) 
2: ( 1 11 12 6 ) ( 10 7 3 ) 
3: ( 11 9 10 12 ) 
4: 12 ( 3 7 ) 11 
5: ( 12 5 3 4 ) 1 
6: ( 12 11 2 ) ( 3 7 ) 
7: ( 6 5 11 ) ( 1 12 ) 8 
8: ( 5 11 12 ) 2 9 3 
9: ( 12 5 ) ( 11 4 10 1 ) 9 
10: ( 9 8 5 4 12 ) 
11: ( 6 7 3 ) 9 
12: 2 ( 6 8 9 10 ) 

1: ( 9 5 ) 2 7 
2: ( 8 6 12 ) 
3: ( 5 8 11 4 6 2 ) 
4: ( 9 5 1 10 ) 
5: ( 10 8 1 ) ( 5 9 7 ) 
6: ( 11 2 12 ) 7 
7: ( 6 4 ) ( 2 1 ) 11 
8: ( 7 1 10 ) 12 
9: ( 3 10 9 11 ) ( 8 12 ) 
10: 12 ( 3 2 ) ( 1 9 ) 
11: 8 ( 9 6 7 ) ( 2 1 ) ( 4 3 ) 
12: ( 2 6 ) 3 ( 4 10 7 5 9 ) 8 
