1: ( 2 6 4 8 ) 
2: ( 7 3 5 4 ) 
3: ( 11 2 6 ) ( 4 1 10 ) 
4: ( 7 6 ) 4 ( 5 10 11 ) ( 1 2 ) 
5: ( 1 2 3 4 7 ) 
6: ( 7 2 10 4 ) 8 
7: ( 3 9 5 ) ( 2 6 8 4 ) 
8: ( 3 6 2 4 9 5 ) 
9: ( 9 4 7 ) ( 2 5 8 3 ) 
10: ( 4 7 1 ) ( 6 3 5 9 ) 
11: ( 11 1 9 3 10 ) 

1: ( 3 10 ) ( 4 5 ) 11 
2: ( 7 3 5 8 6 ) 4 ( 9 1 ) 
3: ( 7 2 ) ( 5 8 ) ( 9 10 11 ) 
4: 4 ( 3 8 9 5 ) 6 ( 1 2 7 ) 10 
5: ( 8 10 2 7 9 ) 4 
6: 3 ( 8 1 7 ) ( 10 4 ) 
7: ( 6 4 5 9 10 2 ) 
8: 9 ( 1 7 6 ) 
9: ( 8 11 9 ) ( 10 7 ) 
10: ( 4 3 11 6 ) 
11: ( 3 11 4 ) 
