1: 15 ( 11 6 ) 4 ( 9 8 ) ( 14 3 7 ) 13 
2: ( 10 5 9 ) ( 6 2 13 ) 11 3 
3: ( 9 13 2 8 14 4 3 15 7 ) 
4: ( 8 1 ) ( 12 11 7 5 ) 
5: 3 1 ( 13 14 11 8 15 7 2 5 ) 
6: ( 9 12 11 ) ( 10 14 13 15 ) 
7: 9 ( 2 3 7 ) 12 
8: 11 ( 10 3 1 ) ( 6 9 ) 
9: ( 11 2 15 1 8 7 14 ) 
10: ( 7 8 13 9 3 12 11 5 ) 
11: ( 2 12 ) ( 5 15 1 ) 
12: ( 2 12 1 ) 10 11 ( 8 15 ) ( 9 6 ) 5 
13: 7 ( 8 2 12 14 1 13 ) 
14: ( 5 15 9 1 8 12 13 2 ) 
15: 11 ( 3 4 ) 5 ( 13 15 8 1 ) 

1: ( 9 14 13 5 8 ) 4 ( 11 15 12 ) 
2: ( 13 5 ) ( 12 2 3 14 9 7 11 ) 
3: 7 10 15 ( 2 1 5 8 3 ) 
4: ( 15 3 1 ) 
5: ( 2 4 ) 12 ( 5 15 11 10 ) 14 
6: ( 2 1 ) ( 12 8 ) 
7: ( 7 10 3 ) ( 1 4 5 9 ) 13 
8: ( 1 15 12 4 ) ( 9 3 ) ( 13 10 ) 14 5 
9: 1 3 ( 8 6 10 14 12 2 7 ) 
10: ( 2 6 ) ( 8 12 ) 
11: 12 ( 2 10 6 1 8 ) 5 4 ( 15 9 ) 
12: ( 10 13 7 4 ) 12 ( 6 14 11 ) 
13: 14 ( 6 13 3 5 10 15 ) ( 1 2 ) 
14: 1 ( 9 13 ) ( 6 3 5 ) 
15: ( 11 14 5 3 6 ) ( 15 9 1 12 ) 
