1: 3 ( 17 10 2 4 7 16 ) ( 13 15 9 ) 
2: ( 14 9 ) ( 4 12 2 16 ) ( 1 5 ) 
3: ( 13 7 17 3 9 8 2 ) 
4: 8 ( 16 15 5 11 6 ) ( 17 1 7 13 ) 
5: ( 14 12 3 1 ) ( 13 10 ) ( 15 8 17 ) 
6: ( 11 12 17 1 2 ) ( 14 7 6 ) 15 10 
7: ( 13 7 17 1 ) ( 10 15 12 ) ( 9 16 ) 
8: ( 8 3 5 14 10 1 12 11 4 ) 9 
9: 6 ( 11 5 15 12 ) 
10: 14 ( 12 1 6 7 4 10 16 11 ) 
11: ( 13 5 9 10 8 6 16 ) 1 12 
12: ( 3 15 ) ( 12 1 ) ( 8 9 6 14 4 17 ) 
13: ( 13 9 ) ( 17 15 10 12 ) ( 5 11 6 ) 
14: 11 8 ( 16 9 4 2 ) 
15: 8 ( 11 10 15 3 ) 16 5 
16: ( 10 12 2 4 11 ) 14 
17: ( 5 13 ) ( 2 15 12 ) 11 ( 8 7 4 ) 

1: ( 7 10 11 2 ) 4 ( 5 6 ) ( 12 8 ) 
2: ( 16 17 ) ( 14 3 6 1 2 ) 
3: ( 12 3 1 15 ) ( 8 5 ) 
4: ( 8 1 17 14 10 16 ) ( 12 2 ) 
5: 8 ( 11 9 ) ( 2 17 4 13 15 ) 
6: ( 4 10 6 ) ( 11 9 13 12 ) 
7: ( 1 4 17 7 6 10 3 ) 
8: ( 17 3 ) 15 ( 8 11 4 5 12 14 ) 
9: 12 ( 11 14 8 ) ( 7 2 13 ) 3 1 
10: 15 ( 5 13 10 6 7 ) 8 ( 1 16 11 ) 
11: ( 13 17 4 16 ) ( 14 9 ) 8 ( 15 6 10 ) 
12: ( 11 9 12 5 ) 10 ( 8 6 ) 2 16 ( 13 7 17 ) 
13: ( 3 1 11 7 13 ) 5 ( 17 4 ) 
14: ( 10 12 ) 6 2 ( 16 8 5 ) 
15: 1 9 ( 12 15 ) ( 6 7 13 ) 17 ( 5 4 ) 
16: 7 ( 2 4 15 11 1 ) ( 10 14 ) 
17: ( 4 1 5 7 ) ( 13 3 12 6 ) 
