1: ( 11 2 1 7 13 8 14 ) 
2: 1 ( 10 4 13 ) ( 7 11 ) 3 12 9 
3: ( 2 4 ) ( 6 1 11 9 10 ) 
4: ( 10 2 3 12 7 ) ( 5 14 9 ) 
5: ( 8 7 ) ( 6 3 ) 
6: 1 11 ( 7 5 ) 
7: ( 7 3 8 1 ) 
8: 5 8 ( 9 14 12 3 ) 
9: 10 ( 1 14 ) ( 4 12 ) 
10: ( 9 8 ) ( 12 7 5 ) 2 
11: 6 ( 2 4 13 7 ) 9 10 8 
12: ( 1 5 12 6 ) ( 9 14 ) ( 2 10 3 7 ) 
13: 14 12 ( 7 6 ) ( 4 13 ) 
14: ( 1 2 ) ( 4 8 ) ( 14 6 ) ( 9 12 7 ) 

1: ( 2 9 3 ) ( 7 6 12 1 14 ) 
2: ( 3 12 1 4 ) 14 ( 11 10 ) 
3: ( 8 7 ) 4 12 5 2 
4: 9 ( 11 2 ) ( 14 13 3 ) 
5: ( 10 4 12 8 ) 6 
6: ( 3 5 ) ( 11 14 12 ) 13 
7: ( 7 14 5 10 11 2 1 13 12 6 4 ) 
8: 1 ( 7 14 ) ( 10 11 8 ) 5 
9: 10 12 ( 4 3 2 11 14 8 ) 
10: ( 4 11 ) 12 ( 9 3 2 ) 
11: 3 ( 1 6 ) 2 
12: 14 ( 9 8 12 2 ) ( 10 4 13 ) 
13: ( 13 1 11 2 ) 
14: ( 9 4 ) ( 8 1 12 ) 13 14 
