1: 16 ( 12 7 ) 2 ( 9 13 8 ) ( 4 5 14 3 ) 1 ( 6 10 ) 
2: 4 ( 8 2 10 1 6 16 ) 
3: 10 ( 6 8 14 1 ) ( 13 3 ) 16 ( 2 9 ) 
4: ( 5 12 16 8 ) 11 
5: ( 12 5 14 7 ) ( 9 4 ) 6 ( 10 13 ) 
6: ( 7 12 ) ( 5 14 4 10 16 1 ) 
7: ( 5 9 ) 
8: ( 10 4 6 14 ) ( 7 1 5 16 12 9 ) 2 
9: 16 ( 10 14 ) 1 ( 7 4 3 8 5 6 13 ) 
10: ( 2 5 9 4 10 ) 1 3 ( 7 6 8 ) 
11: ( 13 2 ) 8 ( 5 12 3 11 ) ( 10 6 ) 
12: 2 ( 12 4 ) 1 
13: ( 7 1 ) ( 16 3 13 12 8 ) ( 4 5 ) 
14: ( 1 6 16 ) 12 ( 8 15 ) ( 5 2 4 ) 
15: 13 8 ( 5 7 4 11 ) 
16: ( 11 8 15 7 ) 14 

1: ( 8 12 ) 9 ( 3 1 13 10 14 2 6 ) 
2: ( 3 2 11 12 8 14 1 10 ) 
3: ( 1 10 3 9 13 11 ) 
4: ( 13 5 1 ) ( 14 8 ) ( 2 10 15 ) 9 6 12 
5: 10 ( 1 11 5 ) ( 13 9 14 7 6 8 4 15 ) 
6: 5 ( 2 9 ) ( 11 1 14 10 3 8 ) 
7: ( 6 5 8 10 1 13 15 ) ( 9 16 ) 
8: 1 3 ( 2 13 9 14 ) ( 15 16 ) ( 10 4 11 ) 
9: ( 3 5 8 7 ) ( 10 1 ) 
10: ( 11 6 1 ) ( 2 3 5 ) 8 ( 10 9 ) 
11: ( 16 15 ) ( 4 11 ) 
12: 8 ( 1 11 13 12 ) 6 ( 14 5 4 ) 
13: ( 13 9 3 ) ( 5 1 11 15 ) 
14: ( 6 1 9 ) ( 3 16 ) 8 5 
15: 14 16 
16: 4 ( 13 6 3 2 14 ) ( 1 9 ) 8 
